1679962794.350636 0.000000000 0.000000000 0.000000000 -0.000000000 -0.000000000 -0.000000000 1.000000000
1679962794.350827 0.211960763 0.016877325 0.115342848 0.007761860 -0.011595448 0.004518096 0.999892473
1679962794.350972 0.412158310 0.049053911 0.237003684 0.015811820 -0.022421526 0.009274614 0.999580562
1679962794.351104 0.614771664 0.072703138 0.360364467 0.014743315 -0.033593103 0.012825789 0.999244511
1679962794.351207 0.799196005 0.115132742 0.483299047 0.015590139 -0.042828206 0.016798878 0.998819590
1679962794.351302 0.993351877 0.140552089 0.609627664 0.014589295 -0.053621277 0.019296112 0.998268306
1679962794.351502 1.168662906 0.183847696 0.728690386 0.015658241 -0.062279858 0.022295469 0.997686803
1679962794.351600 1.354762077 0.213050783 0.849919140 0.015088188 -0.072064243 0.024315612 0.996989429
1679962794.351679 1.533124089 0.248083413 0.968686163 0.015344810 -0.080928475 0.026315300 0.996254325
1679962794.351762 1.709102154 0.282998890 1.086048961 0.015589981 -0.089637272 0.028015530 0.995458305
1679962794.351920 1.882269025 0.317435652 1.201290369 0.015981941 -0.097935177 0.029395711 0.994630218
1679962794.352021 2.057472467 0.344005674 1.317216992 0.015367400 -0.106617063 0.030511884 0.993713081
1679962794.352395 2.229464531 0.375198841 1.424722075 0.015541177 -0.114519186 0.031632990 0.992795646
1679962794.352512 2.399244547 0.405990630 1.531373739 0.015727870 -0.122244328 0.032935452 0.991828740
1679962794.352601 2.566187859 0.441283077 1.634327054 0.016441727 -0.129388854 0.034645595 0.990852177
1679962794.352696 2.728625298 0.469834477 1.729271650 0.016863763 -0.135933205 0.035325743 0.989944398
1679962794.352963 2.894648552 0.499822676 1.824210167 0.017630123 -0.143005699 0.036078814 0.988906920
1679962794.353063 3.058183193 0.526786208 1.913040996 0.018005461 -0.149482235 0.037171271 0.987901390
1679962794.353552 3.217136383 0.553997397 1.998191595 0.018693410 -0.155587897 0.037955128 0.986915648
1679962794.353664 3.379195690 0.577773273 2.083214760 0.018960170 -0.162246495 0.038836412 0.985803425
1679962794.353760 3.540094137 0.602996588 2.159904003 0.019496970 -0.168314978 0.040069439 0.984725595
1679962794.353887 3.693884373 0.632375121 2.237416744 0.020544285 -0.173878074 0.041468468 0.983679235
1679962794.353982 3.865558147 0.648326635 2.316998005 0.020710157 -0.180585518 0.041431401 0.982468009
1679962794.354109 4.033697605 0.673519492 2.391293287 0.019727729 -0.186528146 0.042355001 0.981337965
1679962794.354218 4.205130577 0.694302082 2.463872671 0.018876387 -0.192505389 0.043088302 0.980167747
1679962794.354431 4.381395817 0.716855884 2.538045406 0.018418003 -0.198737845 0.043835066 0.978898644
1679962794.354544 4.565652370 0.724069595 2.614801407 0.017156584 -0.205297977 0.043587685 0.977577925
1679962794.354634 4.738223553 0.761197686 2.675376177 0.018541124 -0.209321544 0.045617469 0.976606309
1679962794.354724 4.925083637 0.782513499 2.743071556 0.019046517 -0.214564741 0.046271987 0.975427210
1679962794.354869 5.119087696 0.785284996 2.806191683 0.018359112 -0.219400123 0.045702469 0.974390984
1679962794.355273 5.308021545 0.817006826 2.862621546 0.019763295 -0.222883359 0.047333144 0.973494709
1679962794.355372 5.507360458 0.822908878 2.920196295 0.019885736 -0.226687789 0.046714198 0.972643375
1679962794.355523 5.708372116 0.839448869 2.976852655 0.020778006 -0.229914814 0.046975736 0.971854389
1679962794.355616 5.908731461 0.857304096 3.020169973 0.021654323 -0.231829584 0.047249664 0.971366882
1679962794.355706 6.105925083 0.876347482 3.071175814 0.023066940 -0.233739287 0.047052950 0.970886171
1679962794.355831 6.297974586 0.905626595 3.099752665 0.024733225 -0.233271837 0.047798220 0.970921159
1679962794.355927 6.483094692 0.922059178 3.142971039 0.025802383 -0.232838020 0.046877231 0.971042395
1679962794.356026 6.693534374 0.911081672 3.201104641 0.024692159 -0.233575553 0.044665448 0.970998347
1679962794.356115 6.880037308 0.933190167 3.251146317 0.025627326 -0.231551692 0.043365050 0.971517742
1679962794.356198 7.060332775 0.952578962 3.310909510 0.026013609 -0.228715375 0.041435439 0.972263217
1679962794.356288 7.243507385 0.980909288 3.368769407 0.026244255 -0.224669755 0.039945345 0.973262131
1679962794.356387 7.420981884 1.013096094 3.426154375 0.026765468 -0.219188556 0.037900601 0.974578738
1679962794.356472 7.596348286 1.032427192 3.489600897 0.026080560 -0.212808803 0.034767393 0.976126790
1679962794.356569 7.776346684 1.048209190 3.559863091 0.025183573 -0.205850884 0.030818744 0.977773726
1679962794.356663 7.943330765 1.074649692 3.618310213 0.024041152 -0.196662024 0.027629215 0.979787052
1679962794.356751 8.105509758 1.105710387 3.678867340 0.023480814 -0.186692029 0.024066774 0.981842935
1679962794.356872 8.278716087 1.129192948 3.743500471 0.022197792 -0.176588997 0.019829007 0.983834565
1679962794.356972 8.436796188 1.158277035 3.795367002 0.021231761 -0.164716631 0.015578502 0.985989332
1679962794.357187 8.604755402 1.179207444 3.861334324 0.019716103 -0.153774410 0.010910281 0.987848997
1679962794.357301 8.751071930 1.195980310 3.917771578 0.017805208 -0.141511992 0.006042599 0.989758015
1679962794.357392 8.934316635 1.215207219 3.980882645 0.016343961 -0.130743623 0.001323090 0.991280675
1679962794.357488 9.109918594 1.256170630 4.036608696 0.015717942 -0.119622968 -0.002702288 0.992691338
1679962794.357596 9.252854347 1.269589305 4.095325947 0.014004128 -0.108144112 -0.007662972 0.994007051
1679962794.357751 9.392066002 1.295002222 4.149847507 0.012686165 -0.097072706 -0.012072274 0.995123208
1679962794.357859 9.526479721 1.334204197 4.201382637 0.011749617 -0.086947948 -0.016971076 0.995999038
1679962794.357963 9.690670967 1.417739749 4.290256500 0.011436696 -0.079152368 -0.020428080 0.996587574
1679962794.358060 9.831777573 1.468586087 4.372842789 0.010336122 -0.071930520 -0.024124589 0.997064292
1679962794.358152 9.951395035 1.537824988 4.434916973 0.010248934 -0.065147072 -0.027760297 0.997436821
1679962794.358248 10.068361282 1.602540970 4.518981934 0.009907899 -0.060099553 -0.030790891 0.997668207
1679962794.358353 10.184453964 1.663635135 4.590608120 0.010100439 -0.056827061 -0.033498369 0.997770786
1679962794.358442 10.304524422 1.730746269 4.659245968 0.010913072 -0.055749144 -0.035730164 0.997745633
1679962794.358531 10.410053253 1.797401667 4.738335609 0.011834241 -0.056508448 -0.037275806 0.997635841
1679962794.358641 10.502319336 1.876815557 4.824291229 0.013105167 -0.059599150 -0.038296085 0.997401476
1679962794.358804 10.548265457 1.961274505 4.921075344 0.014485415 -0.064669527 -0.038514897 0.997058034
1679962794.358878 10.571315765 2.081587791 5.006237507 0.017197549 -0.072577797 -0.038326599 0.996477723
1679962794.358972 10.579152107 2.207611799 5.084403515 0.019188108 -0.082681298 -0.037159290 0.995698214
1679962794.359068 10.562908173 2.322003603 5.163174152 0.020234764 -0.094491795 -0.035782307 0.994676590
1679962794.359125 10.530909538 2.433685064 5.236499786 0.021229800 -0.107378304 -0.034233045 0.993401945
1679962794.359176 10.502428055 2.552597761 5.308050156 0.022867823 -0.121624433 -0.031870551 0.991800785
1679962794.359230 10.472283363 2.677951813 5.378136158 0.024867790 -0.136820599 -0.029111907 0.989855647
1679962794.359280 10.437529564 2.788375139 5.446214676 0.026549269 -0.152479008 -0.025824329 0.987612486
1679962794.359332 10.393561363 2.901589155 5.520845413 0.028533250 -0.168459266 -0.022688389 0.985034347
1679962794.359384 10.365463257 3.021263123 5.586905956 0.030973690 -0.184906259 -0.018439507 0.982094884
1679962794.359440 10.323523521 3.135169029 5.647714138 0.033233002 -0.200527996 -0.014362399 0.979018807
1679962794.359488 10.292324066 3.256459475 5.720884323 0.035723716 -0.216148019 -0.009378796 0.975661755
1679962794.359554 10.259850502 3.380609751 5.797883034 0.038150448 -0.231160879 -0.003938518 0.972159326
1679962794.359603 10.215311050 3.488232374 5.864777088 0.039673008 -0.244632259 0.001126100 0.968803346
1679962794.359652 10.176908493 3.598031282 5.937637806 0.041091878 -0.257246107 0.006951398 0.965446830
1679962794.359734 10.131544113 3.716827631 6.004663944 0.042465158 -0.267940730 0.012908148 0.962412536
1679962794.359787 10.085978508 3.837089539 6.069304943 0.043418404 -0.276799738 0.019152243 0.959755242
1679962794.359841 10.047642708 3.951634407 6.143880844 0.043473478 -0.284239769 0.025494514 0.957427740
1679962794.359890 10.000204086 4.063893318 6.213399887 0.042767614 -0.289092451 0.032201998 0.955803096
1679962794.359938 9.962596893 4.181217194 6.289379597 0.041584492 -0.292001277 0.038901132 0.954721272
1679962794.359990 9.915309906 4.298845291 6.362412453 0.037236460 -0.292824268 0.045016244 0.954379857
1679962794.360041 9.873588562 4.407468796 6.439984322 0.031330902 -0.291338325 0.051010501 0.954745173
1679962794.360094 9.817027092 4.515008926 6.516677380 0.024407238 -0.287265927 0.056730159 0.955857873
1679962794.360141 9.766887665 4.627569199 6.594717503 0.017277997 -0.281369567 0.062457033 0.957408905
1679962794.360188 9.708955765 4.738398552 6.673637867 0.009271380 -0.273128986 0.068437859 0.959495127
1679962794.360247 9.650567055 4.853284359 6.761598587 0.000749409 -0.263711154 0.074369334 0.961730301
1679962794.360297 9.591557503 4.957210541 6.852591038 -0.008820958 -0.252512485 0.079940386 0.964245379
1679962794.360343 9.533173561 5.066613197 6.949664116 -0.018254181 -0.240146890 0.085641846 0.966779053
1679962794.360392 9.471715927 5.160456657 7.050573349 -0.028849255 -0.226386517 0.091280513 0.969321787
1679962794.360440 9.410770416 5.264390945 7.154953957 -0.038864076 -0.211668819 0.096776709 0.971761465
1679962794.360491 9.350387573 5.344986439 7.264975548 -0.050273336 -0.196024567 0.102027357 0.973980188
1679962794.360537 9.301739693 5.421680927 7.363580704 -0.061442390 -0.179998726 0.107216388 0.975873947
1679962794.360584 9.247640610 5.490880489 7.457497597 -0.072764121 -0.162847638 0.112436503 0.977519393
1679962794.360631 9.199622154 5.560626030 7.551986694 -0.083742075 -0.145617858 0.117177144 0.978801489
1679962794.360713 9.156647682 5.623937130 7.639219284 -0.094747998 -0.128588498 0.121769078 0.979622483
1679962794.360766 9.120566368 5.677146435 7.718872547 -0.105843477 -0.111663401 0.126623124 0.979946494
1679962794.360816 9.083071709 5.733433723 7.795691490 -0.115942031 -0.094855070 0.130913138 0.980011106
1679962794.360867 9.049218178 5.777204037 7.860845566 -0.126355723 -0.078312248 0.135553703 0.979554355
1679962794.360917 9.023062706 5.817134857 7.925175667 -0.136569008 -0.062817618 0.139251187 0.978780866
1679962794.360973 8.996484756 5.851181507 7.979394913 -0.146132544 -0.047772750 0.143240780 0.977673352
1679962794.361022 8.978025436 5.885558128 8.029415131 -0.154925242 -0.034258399 0.147384599 0.976269662
1679962794.361071 8.959019661 5.909684181 8.070654869 -0.163484037 -0.021362027 0.150795192 0.974719167
1679962794.361122 8.943176270 5.931535721 8.102568626 -0.171290204 -0.009710754 0.154065415 0.973051548
1679962794.361168 8.931929588 5.945405006 8.129431725 -0.178641260 0.000875910 0.157448456 0.971234560
1679962794.361217 8.925887108 5.965042114 8.153930664 -0.184929073 0.009988794 0.159223050 0.969716191
1679962794.361261 8.921174049 5.971159458 8.165226936 -0.190968663 0.017469281 0.157221615 0.968765795
1679962794.361307 8.915694237 5.975564003 8.169059753 -0.196151510 0.024107069 0.155013070 0.967943370
1679962794.361356 8.911920547 5.978621006 8.176812172 -0.201010376 0.029710038 0.153454825 0.967038631
1679962794.361401 8.909969330 5.986013889 8.188323975 -0.204981074 0.033905413 0.152304679 0.966248631
1679962794.361453 8.903244972 5.992457867 8.198024750 -0.208150655 0.037531700 0.151191339 0.965611696
1679962794.361517 8.894812584 6.002281666 8.211617470 -0.210397571 0.040279683 0.150599152 0.965106428
1679962794.361568 8.890444756 6.009701252 8.228231430 -0.212194622 0.041913074 0.150136337 0.964715421
1679962794.361618 8.880147934 6.027273655 8.247074127 -0.212293878 0.042860784 0.149794966 0.964705050
1679962794.361696 8.870755196 6.043836594 8.270305634 -0.211824134 0.042837162 0.150031954 0.964772463
1679962794.361748 8.858773232 6.059208393 8.295418739 -0.210618511 0.042051319 0.150205553 0.965044022
1679962794.361794 8.848157883 6.074604511 8.314263344 -0.208261788 0.039938111 0.150660262 0.965574205
1679962794.361840 8.836237907 6.094618797 8.342661858 -0.204657897 0.037149277 0.151572898 0.966313004
1679962794.361892 8.821617126 6.114078522 8.370877266 -0.200169206 0.033575889 0.152281940 0.967272043
1679962794.361940 8.806377411 6.136493206 8.403387070 -0.194786191 0.028197141 0.149376929 0.968994260
1679962794.361990 8.786533356 6.160953045 8.435023308 -0.188353017 0.021437692 0.143718958 0.971292198
1679962794.362039 8.771258354 6.183511734 8.467308044 -0.181127161 0.013216003 0.137024030 0.973777592
1679962794.362089 8.754067421 6.217379570 8.509812355 -0.172181904 0.004112997 0.128900513 0.976586521
1679962794.362138 8.732113838 6.251478672 8.550646782 -0.162512243 -0.005812583 0.120297521 0.979328632
1679962794.362185 8.711512566 6.276944637 8.590628624 -0.152412459 -0.016609890 0.111351125 0.981883705
1679962794.362233 8.688302040 6.309039116 8.630628586 -0.141121536 -0.028083635 0.101063378 0.984419763
1679962794.362291 8.666212082 6.344538689 8.679389954 -0.129349113 -0.039760903 0.090511151 0.986658871
1679962794.362342 8.643231392 6.386532307 8.727833748 -0.116454937 -0.052405883 0.079146802 0.988649487
1679962794.362390 8.620029449 6.426023006 8.775170326 -0.103387654 -0.065448523 0.067563616 0.990183175
1679962794.362435 8.592042923 6.463779926 8.830212593 -0.090302654 -0.078142889 0.056189429 0.991252661
1679962794.362486 8.565777779 6.507708549 8.886218071 -0.076700188 -0.091326639 0.043462243 0.991911054
1679962794.362550 8.538061142 6.549448490 8.942622185 -0.063081488 -0.104453377 0.031573165 0.992024899
1679962794.362600 8.511107445 6.595747948 9.005318642 -0.049365714 -0.117625505 0.019412650 0.991640270
1679962794.362686 8.475868225 6.640079021 9.068122864 -0.035887741 -0.129897445 0.006790038 0.990854502
1679962794.362741 8.454039574 6.698903561 9.138819695 -0.021609582 -0.143026561 -0.005737446 0.989466250
1679962794.362799 8.416853905 6.743826866 9.204766273 -0.009029307 -0.154583260 -0.017841833 0.987777412
1679962794.362856 8.381958961 6.789017677 9.278420448 0.003185174 -0.165827811 -0.029370751 0.985712171
1679962794.362908 8.343799591 6.835667610 9.345883369 0.014814977 -0.176207840 -0.040822390 0.983394623
1679962794.362957 8.316480637 6.897745132 9.429362297 0.026828866 -0.186876774 -0.052255902 0.980625629
1679962794.363010 8.278616905 6.949203491 9.506530762 0.037222322 -0.196053728 -0.062886164 0.977866471
1679962794.363110 8.239748001 7.004084587 9.586368561 0.046753149 -0.204181731 -0.072947383 0.975091100
1679962794.363164 8.199589729 7.054457664 9.668467522 0.047961429 -0.213306814 -0.067337699 0.973481178
1679962794.363215 8.160417557 7.114826202 9.755493164 0.049733616 -0.221479997 -0.062529705 0.971886456
1679962794.363261 8.118752480 7.167285442 9.843887329 0.050390519 -0.228411809 -0.058335230 0.970508099
1679962794.363310 8.076015472 7.226585388 9.932674408 0.051523261 -0.234130651 -0.054606244 0.969302058
1679962794.363356 8.033857346 7.281540394 10.027050018 0.051905014 -0.238683194 -0.052067138 0.968310535
1679962794.363403 7.987058640 7.341840744 10.126128197 0.052265331 -0.241574913 -0.050087083 0.967678308
1679962794.363452 7.938624382 7.402292728 10.220616341 0.052451082 -0.243119836 -0.048934430 0.967340231
1679962794.363511 7.892886639 7.458878517 10.313036919 0.052552383 -0.243148431 -0.049022332 0.967323124
1679962794.363556 7.851312637 7.510231495 10.396722794 0.052177861 -0.241668180 -0.049833808 0.967672825
1679962794.363658 7.816630840 7.557672024 10.479131699 0.051867627 -0.239071265 -0.051439498 0.968250334
1679962794.363712 7.783992290 7.601744652 10.548537254 0.051413871 -0.234912202 -0.054033548 0.969150841
1679962794.363760 7.752961636 7.639643192 10.613353729 0.050437722 -0.229056239 -0.057533298 0.970401585
1679962794.363823 7.725087643 7.673742294 10.669688225 0.049220372 -0.221557170 -0.062129404 0.971920669
1679962794.363876 7.702030182 7.701870441 10.715909004 0.047730569 -0.212721884 -0.067423195 0.973614633
1679962794.363926 7.685068607 7.728994370 10.762491226 0.042899914 -0.203507349 -0.074622937 0.975282490
1679962794.364103 7.667098045 7.750949383 10.796960831 0.036340252 -0.192566961 -0.083101705 0.977083206
1679962794.364161 7.656269073 7.767807961 10.823884010 0.028278228 -0.180874571 -0.092264205 0.978760540
1679962794.364288 7.646223068 7.779240608 10.845565796 0.018684700 -0.167676538 -0.102046318 0.980368376
1679962794.364339 7.639977455 7.788129330 10.856644630 0.007924626 -0.153269053 -0.112625152 0.981713593
1679962794.364386 7.640545845 7.788569927 10.868843079 -0.006724731 -0.138147771 -0.113153324 0.983903587
1679962794.364435 7.636848450 7.792522907 10.880153656 -0.023432912 -0.121726111 -0.105339780 0.986679912
1679962794.364480 7.627501011 7.798632145 10.899451256 -0.041895013 -0.103544429 -0.096734628 0.989022672
1679962794.364530 7.615499973 7.807569504 10.924281120 -0.061279591 -0.084424093 -0.086587332 0.990767419
1679962794.364601 7.600985527 7.821938515 10.956392288 -0.081269324 -0.064663470 -0.075787067 0.991700709
1679962794.364655 7.584072113 7.837621689 10.991864204 -0.102321483 -0.044524383 -0.064325802 0.991670370
1679962794.364702 7.565935135 7.858956814 11.038858414 -0.123363070 -0.024184098 -0.052198820 0.990692735
1679962794.364748 7.543288231 7.883336544 11.087919235 -0.144664556 -0.003636707 -0.039517883 0.988684654
1679962794.364794 7.517398834 7.912112713 11.144606590 -0.165846258 0.016614001 -0.026725883 0.985649467
1679962794.364849 7.489554405 7.943546295 11.208220482 -0.186908394 0.036385354 -0.013004500 0.981617212
1679962794.364896 7.458083153 7.977966309 11.276590347 -0.207436234 0.055118468 0.000719415 0.976694286
1679962794.364943 7.426668167 8.015549660 11.353415489 -0.227419987 0.072528914 0.014943416 0.970977068
1679962794.364986 7.393800259 8.057410240 11.429241180 -0.245966211 0.088500492 0.028399270 0.964811802
1679962794.365035 7.358224392 8.099245071 11.508651733 -0.263437092 0.103131726 0.042182606 0.958219886
1679962794.365079 7.321980000 8.140970230 11.590728760 -0.280213237 0.115906686 0.055591308 0.951291680
1679962794.365132 7.285007477 8.188058853 11.674142838 -0.294529468 0.126461864 0.068737529 0.944740713
1679962794.365180 7.246394157 8.235064507 11.757637024 -0.307650357 0.134656578 0.080967650 0.938436508
1679962794.365230 7.206667900 8.282655716 11.846317291 -0.319344521 0.140573829 0.093677513 0.932460487
1679962794.365274 7.166556358 8.330791473 11.939365387 -0.329426050 0.143719956 0.105960831 0.927143693
1679962794.365321 7.121397018 8.381939888 12.028972626 -0.336964607 0.143538758 0.116819024 0.923149407
1679962794.365369 7.076460361 8.434602737 12.121518135 -0.342052013 0.140277117 0.127005920 0.920430541
1679962794.365417 7.031208038 8.487581253 12.215524673 -0.345576882 0.133122534 0.135838389 0.918914080
1679962794.365467 6.983379841 8.542529106 12.310397148 -0.347357094 0.120722242 0.137584537 0.919695497
1679962794.365523 6.934802532 8.600671768 12.409455299 -0.347083628 0.105751552 0.139671490 0.921325982
1679962794.365602 6.882739067 8.656277657 12.506725311 -0.344116747 0.088667385 0.142127395 0.923862398
1679962794.365654 6.830299854 8.716953278 12.607416153 -0.338890553 0.069703847 0.144538239 0.927040040
1679962794.365703 6.777997971 8.774185181 12.709753036 -0.332291037 0.048573934 0.148461610 0.930151880
1679962794.365749 6.720381737 8.837685585 12.823542595 -0.323933184 0.027294386 0.152507216 0.933308005
1679962794.365796 6.664137840 8.900568962 12.932356834 -0.313897789 0.004484870 0.157497942 0.936291933
1679962794.365846 6.607746601 8.966822624 13.043800354 -0.302402705 -0.019221788 0.163092971 0.938926935
1679962794.365989 6.548306465 9.031391144 13.159749985 -0.290483505 -0.043122098 0.169515759 0.940757275
1679962794.366046 6.490661621 9.099727631 13.272567749 -0.277302504 -0.067731678 0.176271483 0.942042530
1679962794.366092 6.428140640 9.173791885 13.397379875 -0.264012039 -0.092248686 0.185039029 0.942097902
1679962794.366138 6.374130249 9.241911888 13.514078140 -0.250041664 -0.117487296 0.192850992 0.941533029
1679962794.366206 6.312689781 9.313607216 13.635109901 -0.236356601 -0.142358243 0.199622080 0.940223813
1679962794.366249 6.247536659 9.389926910 13.756102562 -0.221538767 -0.167799309 0.200872183 0.939369202
1679962794.366389 6.183708668 9.468229294 13.891278267 -0.207213879 -0.192761794 0.201857865 0.937634706
1679962794.366451 6.112287998 9.552390099 14.018761635 -0.192530796 -0.216255680 0.202288836 0.935545087
1679962794.366502 6.046764851 9.633844376 14.155514717 -0.178780645 -0.238717526 0.202898905 0.932675481
1679962794.366826 5.980447292 9.718441963 14.293686867 -0.165666997 -0.259400100 0.203280598 0.929485381
1679962794.366896 5.904834747 9.810062408 14.438838959 -0.153764680 -0.277919918 0.203883111 0.926039219
1679962794.366948 5.831900120 9.889194489 14.584688187 -0.143050253 -0.294566929 0.203985125 0.922581732
1679962794.367201 5.763383865 9.993990898 14.728100777 -0.132617891 -0.309141725 0.205140263 0.919109046
1679962794.367267 5.688396454 10.088205338 14.878051758 -0.123727091 -0.321808398 0.206101924 0.915780008
1679962794.367320 5.607281685 10.176795959 15.033632278 -0.115943618 -0.332730234 0.206370398 0.912830234
1679962794.367369 5.539465904 10.271109581 15.188911438 -0.108681142 -0.342170447 0.206695467 0.910156488
1679962794.367419 5.459513187 10.375763893 15.340417862 -0.101978384 -0.349621415 0.207710400 0.907866538
1679962794.367538 5.394637108 10.473653793 15.504558563 -0.096801147 -0.356256038 0.208400548 0.905693352
1679962794.367595 5.309230804 10.577376366 15.684110641 -0.091714740 -0.361521602 0.208356649 0.904144943
1679962794.367644 5.232070923 10.689774513 15.853917122 -0.087511554 -0.365736157 0.209269792 0.902654409
1679962794.367725 5.157399178 10.788248062 16.022806168 -0.083792627 -0.368553787 0.209198520 0.901877463
1679962794.367787 5.064131260 10.893015862 16.189971924 -0.080304787 -0.369920343 0.209551439 0.901553273
1679962794.367947 4.967741489 11.006006241 16.358127594 -0.077084444 -0.370207340 0.210066989 0.901596606
1679962794.367999 4.888012409 11.126792908 16.553018570 -0.074294157 -0.370911896 0.210289478 0.901489377
1679962794.368078 4.813838005 11.236785889 16.738489151 -0.071880572 -0.370704800 0.209670126 0.901914418
1679962794.368132 4.715769768 11.357909203 16.911403656 -0.068799347 -0.368928432 0.209355637 0.902955592
1679962794.368212 4.611251831 11.468932152 17.105306625 -0.066142589 -0.367018342 0.208246812 0.904188037
1679962794.368313 4.517986298 11.586503983 17.293134689 -0.063183010 -0.364786536 0.206906885 0.905609369
1679962794.368385 4.426733494 11.702647209 17.486557007 -0.060228284 -0.362359941 0.205030963 0.907210112
1679962794.368432 4.333826065 11.820834160 17.683719635 -0.056879409 -0.359613001 0.202649787 0.909052432
1679962794.368501 4.222314835 11.943666458 17.868480682 -0.053026084 -0.356039882 0.200435907 0.911180198
1679962794.368566 4.133637905 12.042548180 18.049341202 -0.049005389 -0.353206128 0.196804956 0.913297236
1679962794.368614 4.033400059 12.182638168 18.280809402 -0.044183861 -0.350449890 0.193283260 0.915354729
1679962794.368661 3.937718868 12.322718620 18.494129181 -0.039238453 -0.347784698 0.189622939 0.917360008
1679962794.368708 3.818027496 12.446470261 18.666215897 -0.033660784 -0.344403863 0.185292050 0.919739008
1679962794.368753 3.736618042 12.568091393 18.858568192 -0.028094541 -0.342200339 0.180532992 0.921692729
1679962794.368798 3.682683468 12.684274673 19.069217682 -0.022556884 -0.341110945 0.175652280 0.923190594
1679962794.368845 3.560728073 12.810927391 19.272224426 -0.016668031 -0.339287728 0.170033276 0.925037742
1679962794.368893 3.447079182 12.924383163 19.437427521 -0.010836541 -0.337917387 0.165025145 0.926531792
1679962794.368942 3.367820263 13.042597771 19.651082993 -0.004961685 -0.338016421 0.159319907 0.927543759
1679962794.368989 3.281551361 13.153214455 19.833658218 0.000806313 -0.338618010 0.153733686 0.928279698
1679962794.369036 3.191821098 13.249836922 20.012542725 0.006438023 -0.339913696 0.147995085 0.928716719
1679962794.369081 3.099521160 13.371038437 20.166715622 0.012319139 -0.341719687 0.142469719 0.928858578
1679962794.369128 3.027579784 13.447097778 20.327680588 0.017336462 -0.345128745 0.136245951 0.928451777
1679962794.369177 2.947306633 13.518386841 20.522550583 0.021302331 -0.350226521 0.129674956 0.927400708
1679962794.369224 2.860733032 13.665647507 20.697067261 0.027030058 -0.355831623 0.125227123 0.925727546
1679962794.369276 2.786375523 13.754563332 20.883621216 0.030556913 -0.363337666 0.119654618 0.923436463
1679962794.369325 2.655875683 13.902729034 21.040418625 0.034962662 -0.370642900 0.115595818 0.920890331
1679962794.369371 2.601104736 13.967269897 21.242549896 0.037191439 -0.381468773 0.110064238 0.917052031
1679962794.369420 2.522367954 14.072382927 21.451349258 0.039621770 -0.393767506 0.105152242 0.912315965
1679962794.369495 2.439773083 14.194107056 21.643056870 0.041901268 -0.407008946 0.101099268 0.906844556
1679962794.369547 2.320809364 14.315607071 21.832122803 0.043050956 -0.421294361 0.097408041 0.900649428
1679962794.369596 2.226605415 14.446403503 22.040197372 0.043834947 -0.437655628 0.093899451 0.893151164
1679962794.369642 2.126835823 14.556021690 22.248607635 0.043478288 -0.455049008 0.090854444 0.884751678
1679962794.369695 2.041317940 14.687248230 22.513746262 0.042472892 -0.474428654 0.088412449 0.874812424
1679962794.369767 1.913117409 14.809895515 22.719251633 0.041009858 -0.492763966 0.085860662 0.864944994
1679962794.369833 1.838051796 14.954211235 22.972366333 0.039350104 -0.512629867 0.084344573 0.853550375
1679962794.369878 1.706624031 15.101209641 23.189090729 0.034458488 -0.531401038 0.087590940 0.841874897
1679962794.369925 1.622477531 15.218419075 23.450181961 0.028299265 -0.551262498 0.090608090 0.828914344
1679962794.369984 1.510801315 15.356658936 23.690387726 0.022651281 -0.569955111 0.093366869 0.816039681
1679962794.370033 1.402002335 15.491064072 23.931064606 0.017540487 -0.587953627 0.095154747 0.803086877
1679962794.370084 1.290090561 15.621693611 24.169389725 0.012997261 -0.605199099 0.096178696 0.790135920
1679962794.370130 1.183103561 15.765615463 24.404216766 0.008608743 -0.620758295 0.097592011 0.777856648
1679962794.370173 1.081848145 15.892477036 24.641485214 0.004724271 -0.635450423 0.097918831 0.765893161
1679962794.370215 0.976840973 16.022991180 24.874444962 0.001539146 -0.648519874 0.097987331 0.754862964
1679962794.370260 0.867424011 16.150205612 25.116281509 -0.001124953 -0.660386741 0.097905673 0.744514942
1679962794.370308 0.778575897 16.270481110 25.372457504 -0.003862558 -0.670869946 0.098301284 0.735020816
1679962794.370353 0.672563553 16.407611847 25.610197067 -0.005022969 -0.679015219 0.098720424 0.727438986
1679962794.370399 0.560909271 16.532497406 25.839614868 -0.005691123 -0.685036600 0.098502055 0.721796274
1679962794.370502 0.440101624 16.671659470 26.071718216 -0.005542073 -0.688745379 0.099310122 0.718148053
1679962794.370561 0.328319550 16.796457291 26.304967880 -0.005059764 -0.690504134 0.099831752 0.716388226
1679962794.370620 0.228034973 16.920862198 26.546367645 -0.007523350 -0.689985752 0.104614966 0.716183484
1679962794.370673 0.119684219 17.043254852 26.784355164 -0.009698738 -0.686839342 0.109495677 0.718448639
1679962794.370724 0.002563477 17.159650803 27.005525589 -0.011628941 -0.681348860 0.114606671 0.722837389
1679962794.370777 -0.104999542 17.302066803 27.244758606 -0.012553195 -0.674184442 0.121184222 0.728444993
1679962794.370833 -0.214653015 17.429067612 27.472560883 -0.013440022 -0.665216029 0.127360597 0.735585690
1679962794.370882 -0.326446533 17.547214508 27.708843231 -0.014579529 -0.654911697 0.133556977 0.743667066
1679962794.370931 -0.437746048 17.689468384 27.916088104 -0.014481141 -0.642300427 0.140650019 0.753298104
1679962794.370985 -0.549942017 17.816814423 28.151216507 -0.014842294 -0.629420519 0.147093669 0.762871623
1679962794.371092 -0.653484344 17.933654785 28.367244720 -0.014987678 -0.615162075 0.153211936 0.773225188
1679962794.371146 -0.759937286 18.056985855 28.591527939 -0.015249636 -0.600243807 0.159679741 0.783566952
1679962794.371191 -0.866743088 18.157005310 28.791667938 -0.015559888 -0.584291339 0.164940581 0.794453442
1679962794.371237 -0.970064163 18.304153442 29.068925858 -0.015273192 -0.570001364 0.171628073 0.803373575
1679962794.371283 -1.076879501 18.436346054 29.285562515 -0.014223015 -0.554200470 0.176944911 0.813234329
1679962794.371328 -1.183670044 18.562126160 29.511287689 -0.013647460 -0.538752854 0.181959212 0.822465837
1679962794.371376 -1.289554596 18.677066803 29.749382019 -0.013644223 -0.524334192 0.186009049 0.830835819
1679962794.371459 -1.391351700 18.784423828 29.977848053 -0.013948986 -0.510281324 0.189554796 0.838741601
1679962794.371516 -1.506401062 18.915544510 30.202985764 -0.013185333 -0.496953309 0.193181828 0.845898628
1679962794.371570 -1.618702888 19.069517136 30.470584869 -0.011752735 -0.487102151 0.196032405 0.850978673
1679962794.371613 -1.726877213 19.193223953 30.694347382 -0.010956638 -0.477202803 0.197357282 0.856275439
1679962794.371659 -1.833986282 19.355796814 30.947635651 -0.008730368 -0.470853716 0.199086443 0.859409750
1679962794.371705 -1.945020676 19.470634460 31.191591263 -0.009420216 -0.465553910 0.199775964 0.862125516
1679962794.371752 -2.057259560 19.590702057 31.416843414 -0.009390993 -0.461935610 0.199045688 0.864238501
1679962794.371798 -2.166944504 19.715946198 31.685161591 -0.010409626 -0.461733729 0.198864371 0.864376426
1679962794.371846 -2.275647163 19.859727859 31.924098969 -0.009291400 -0.462436020 0.197405145 0.864348292
1679962794.371893 -2.382173538 19.987516403 32.159374237 -0.009423411 -0.464629531 0.195746079 0.863547444
1679962794.371939 -2.481670380 20.114603043 32.388389587 -0.009080263 -0.468139321 0.193056285 0.862260103
1679962794.371985 -2.583589554 20.232606888 32.607517242 -0.009658391 -0.472005814 0.190734133 0.860661268
1679962794.372030 -2.676309586 20.364381790 32.832023621 -0.008995513 -0.477664232 0.188163847 0.858108640
1679962794.372076 -2.770130157 20.467802048 33.046539307 -0.010273633 -0.483211011 0.185343176 0.855598986
1679962794.372121 -2.864192963 20.588150024 33.241077423 -0.009301437 -0.488638103 0.181888536 0.853266060
1679962794.372170 -2.950199127 20.692655563 33.441642761 -0.010319433 -0.494484067 0.178658068 0.850564718
1679962794.372216 -3.030019760 20.798240662 33.634113312 -0.010847627 -0.500191212 0.175687984 0.847835422
1679962794.372271 -3.113670349 20.915130615 33.825084686 -0.009716904 -0.505808115 0.172883168 0.845088840
1679962794.372322 -3.190622330 21.006641388 34.003768921 -0.011277568 -0.510146081 0.170136914 0.843016803
1679962794.372368 -3.264741898 21.107826233 34.178485870 -0.011415312 -0.513862073 0.168032199 0.841178238
1679962794.372455 -3.335954666 21.201644897 34.347114563 -0.011852808 -0.516438544 0.165994123 0.839998066
1679962794.372502 -3.406463623 21.287433624 34.513999939 -0.013319660 -0.517731905 0.164575279 0.839459002
1679962794.372547 -3.472841263 21.381475449 34.678245544 -0.013019562 -0.517770708 0.163560495 0.839637995
1679962794.372594 -3.535924911 21.464200974 34.831260681 -0.013858614 -0.515675008 0.163312107 0.840961576
1679962794.372637 -3.597419739 21.541324615 34.977790833 -0.015143136 -0.511420846 0.163694933 0.843459189
1679962794.372683 -3.655363083 21.618494034 35.119739532 -0.015711613 -0.505220890 0.164751247 0.846972287
1679962794.372732 -3.708261490 21.692356110 35.254470825 -0.016540922 -0.496804118 0.166826293 0.851516962
1679962794.372779 -3.764253616 21.760993958 35.384025574 -0.017235190 -0.486395478 0.168971479 0.857071221
1679962794.372826 -3.819067001 21.827037811 35.505363464 -0.018617935 -0.473105848 0.172755525 0.863701224
1679962794.372875 -3.867683411 21.888504028 35.622058868 -0.019879896 -0.458774239 0.176392078 0.870641649
1679962794.372921 -3.909091949 21.946121216 35.733882904 -0.021889364 -0.443414390 0.180478483 0.877685606
1679962794.372974 -3.958600044 22.001953125 35.837303162 -0.022849655 -0.425750583 0.185704798 0.885284245
1679962794.373020 -3.997459412 22.052680969 35.940605164 -0.024669450 -0.407951653 0.188616037 0.892967463
1679962794.373069 -4.038437843 22.100055695 36.032737732 -0.026671840 -0.388110012 0.193860292 0.900598407
1679962794.373115 -4.072886467 22.144271851 36.120231628 -0.027941864 -0.367679805 0.198201910 0.908155739
1679962794.373163 -4.099572182 22.187421799 36.200393677 -0.030129805 -0.347023964 0.202722341 0.915188611
1679962794.373212 -4.125246048 22.228404999 36.270900726 -0.032148439 -0.325338602 0.208386093 0.921789885
1679962794.373260 -4.149985313 22.259830475 36.338077545 -0.034357268 -0.303441405 0.212429285 0.928233087
1679962794.373307 -4.174006939 22.292186737 36.398700714 -0.036611620 -0.281185865 0.216984972 0.934083343
1679962794.373382 -4.196907043 22.321371078 36.453506470 -0.038787529 -0.258713484 0.221810117 0.939341903
1679962794.373442 -4.214301109 22.348718643 36.499832153 -0.041209403 -0.236901894 0.226464808 0.943871260
1679962794.373491 -4.231371403 22.367948532 36.544811249 -0.043744456 -0.215537980 0.229720592 0.948081374
1679962794.373541 -4.247446060 22.386625290 36.579467773 -0.046195567 -0.194517359 0.233589619 0.951559246
1679962794.373588 -4.256968498 22.397932053 36.607925415 -0.048967034 -0.174751669 0.236560002 0.954517365
1679962794.373635 -4.264990807 22.412500381 36.628608704 -0.051417094 -0.155977532 0.239805669 0.956828415
1679962794.373691 -4.271468163 22.421865463 36.646896362 -0.052605975 -0.139580950 0.231238961 0.961393952
1679962794.373737 -4.273224831 22.425556183 36.656883240 -0.054327130 -0.124457777 0.223027900 0.965306878
1679962794.373785 -4.281961918 22.429471970 36.659599304 -0.056551687 -0.109787747 0.216624483 0.968412280
1679962794.373833 -4.273023605 22.433538437 36.660446167 -0.059089877 -0.098015606 0.210080639 0.970962107
1679962794.373880 -4.276189327 22.436622620 36.666961670 -0.061821714 -0.086639695 0.204697549 0.973021388
1679962794.373929 -4.277945042 22.438905716 36.675502777 -0.064503327 -0.076771840 0.199650899 0.974723041
1679962794.373976 -4.279087543 22.445451736 36.679039001 -0.067023449 -0.067958280 0.195688233 0.976010084
1679962794.374022 -4.280178547 22.450031281 36.688362122 -0.069710009 -0.060644016 0.192368612 0.976963222
1679962794.374070 -4.293052673 22.450639725 36.703201294 -0.072225705 -0.053867199 0.189128265 0.977809966
1679962794.374123 -4.294196606 22.462913513 36.706733704 -0.074175216 -0.048917606 0.187427536 0.978251576
1679962794.374172 -4.299444199 22.466857910 36.719245911 -0.076172262 -0.044853073 0.185764730 0.978609979
1679962794.374220 -4.302268505 22.475481033 36.733055115 -0.077765509 -0.042443361 0.183998942 0.978925705
1679962794.374279 -4.308412075 22.479362488 36.747772217 -0.078811914 -0.040691625 0.182973608 0.979108572
1679962794.374356 -4.312133312 22.486587524 36.761077881 -0.079888850 -0.040306840 0.182803869 0.979068935
1679962794.374440 -4.318668365 22.496545792 36.775753021 -0.080094323 -0.040678356 0.183113709 0.978978813
1679962794.374531 -4.324766636 22.500307083 36.789943695 -0.079964317 -0.042082224 0.183967471 0.978770077
1679962794.374622 -4.335011005 22.516767502 36.809871674 -0.079283863 -0.044891965 0.185083166 0.978490174
1679962794.374717 -4.336870670 22.530355453 36.827468872 -0.077796675 -0.049017981 0.186806202 0.978084028
1679962794.374818 -4.344573498 22.542404175 36.845649719 -0.076081812 -0.053663503 0.188988268 0.977555752
1679962794.374918 -4.349302292 22.553535461 36.865913391 -0.074043259 -0.059972987 0.190993592 0.976955652
1679962794.375100 -4.357311726 22.570808411 36.887042999 -0.070427656 -0.067603812 0.183106124 0.978234112
1679962794.375205 -4.374267578 22.588096619 36.911304474 -0.066232130 -0.076070689 0.174610302 0.979457915
1679962794.375294 -4.374357224 22.603614807 36.931140900 -0.061944913 -0.086295888 0.165285483 0.980508327
1679962794.375407 -4.381793022 22.621826172 36.951862335 -0.057046391 -0.097136065 0.155552983 0.981383562
1679962794.375462 -4.404318810 22.641256332 36.983825684 -0.051111519 -0.108233526 0.145806625 0.982045650
1679962794.375512 -4.418914318 22.661560059 37.010513306 -0.044555031 -0.120738439 0.136576116 0.982234240
1679962794.375558 -4.412543297 22.691284180 37.027069092 -0.037902966 -0.135066420 0.127136022 0.981914937
1679962794.375606 -4.435403347 22.704902649 37.060287476 -0.031402867 -0.148894116 0.117553823 0.981338680
1679962794.375659 -4.437870502 22.731210709 37.083206177 -0.023792557 -0.164507300 0.108062513 0.980149925
1679962794.375712 -4.454779148 22.750778198 37.112918854 -0.016800415 -0.180203885 0.099615596 0.978427887
1679962794.375763 -4.461611748 22.773038864 37.138103485 -0.009092938 -0.197194636 0.091591902 0.976034105
1679962794.375816 -4.476460457 22.793951035 37.168827057 -0.001030963 -0.214373291 0.084314741 0.973105371
1679962794.375865 -4.493953705 22.812866211 37.199508667 0.006509831 -0.231974021 0.077980831 0.969569385
1679962794.375913 -4.502908707 22.840225220 37.227848053 0.014623602 -0.250803441 0.073105492 0.965162933
1679962794.375960 -4.505160332 22.865758896 37.256134033 0.022645399 -0.270558476 0.068190046 0.960018516
1679962794.376010 -4.522997379 22.891502380 37.290657043 0.030883979 -0.290217340 0.065934330 0.954186976
1679962794.376060 -4.525366306 22.911291122 37.314456940 0.038347106 -0.310922265 0.063883379 0.947510362
1679962794.376108 -4.532189846 22.930250168 37.338474274 0.045940790 -0.331748039 0.063572437 0.940101802
1679962794.376155 -4.539889812 22.946945190 37.359352112 0.053331256 -0.353130370 0.065413445 0.931759536
1679962794.376203 -4.546576500 22.957664490 37.375213623 0.060161699 -0.374616176 0.069357030 0.922622859
1679962794.376257 -4.543740273 22.968160629 37.386070251 0.067183785 -0.397103399 0.073765479 0.912334323
1679962794.376360 -4.545383453 22.976156235 37.392608643 0.073638916 -0.418966919 0.080789663 0.901397347
1679962794.376451 -4.539023399 22.977687836 37.397968292 0.079403907 -0.441831499 0.088376708 0.889196038
1679962794.376533 -4.539863586 22.985183716 37.395957947 0.085706234 -0.463267684 0.099484175 0.876436234
1679962794.376620 -4.542293549 22.984893799 37.403617859 0.088047244 -0.485220313 0.114615649 0.862364352
1679962794.376717 -4.540071487 22.995923996 37.420314789 0.091103539 -0.507482529 0.129001021 0.847065806
1679962794.376801 -4.540391922 23.011955261 37.443862915 0.093916155 -0.528912783 0.142850906 0.831278920
1679962794.376889 -4.550525665 23.033243179 37.471946716 0.096783608 -0.548721790 0.158373117 0.815141320
1679962794.376987 -4.558099747 23.054849625 37.511211395 0.098927990 -0.568416595 0.171165705 0.798635185
1679962794.377076 -4.571151733 23.085157394 37.558044434 0.101828635 -0.587012470 0.185460955 0.781441987
1679962794.377144 -4.580181122 23.121219635 37.618236542 0.104449458 -0.605825305 0.197589278 0.763560474
1679962794.377204 -4.603858948 23.165679932 37.677021027 0.107654698 -0.621526778 0.211794823 0.746497095
1679962794.377274 -4.637454987 23.213651657 37.735694885 0.111662135 -0.634861112 0.226499304 0.730192542
1679962794.377334 -4.650905609 23.265647888 37.818698883 0.114450909 -0.651111364 0.236503750 0.712054074
1679962794.377385 -4.670780182 23.310750961 37.900596619 0.115650237 -0.664881349 0.245551571 0.695889652
1679962794.377439 -4.695838928 23.362487793 37.980392456 0.116952710 -0.676238716 0.255227178 0.681089222
1679962794.377492 -4.737712860 23.426895142 38.056793213 0.120843887 -0.684249878 0.267060876 0.667740524
1679962794.377540 -4.768165588 23.483076096 38.155311584 0.122169167 -0.694343686 0.274224579 0.654035509
1679962794.377593 -4.801727295 23.545726776 38.253295898 0.123616152 -0.702301085 0.280679077 0.642426312
1679962794.377639 -4.840908051 23.612491608 38.349418640 0.124825701 -0.707786679 0.287230611 0.633210242
1679962794.377687 -4.879337311 23.678081512 38.455924988 0.123778626 -0.713362694 0.292697221 0.624596536
1679962794.377736 -4.921745300 23.751773834 38.557483673 0.122165211 -0.716248453 0.299194783 0.618503332
1679962794.377785 -4.970836639 23.828687668 38.672004700 0.121280938 -0.719148219 0.304408580 0.612741649
1679962794.377836 -5.020481110 23.904767990 38.792541504 0.119848356 -0.721556246 0.307875425 0.608445346
1679962794.377882 -5.066249847 23.982067108 38.915863037 0.117250428 -0.722652137 0.309738100 0.606703103
1679962794.377931 -5.105754852 24.051105499 39.045242310 0.111906171 -0.723329365 0.309210449 0.607174277
1679962794.377979 -5.158554077 24.134447098 39.188179016 0.109822802 -0.724044442 0.309297830 0.606657624
1679962794.378028 -5.223503113 24.218900681 39.331272125 0.108481251 -0.723159373 0.310116023 0.607536435
1679962794.378083 -5.284671783 24.299314499 39.477428436 0.105560467 -0.721479416 0.309549809 0.610330641
1679962794.378135 -5.343505859 24.374038696 39.631805420 0.101757869 -0.719775915 0.307043076 0.614241540
1679962794.378186 -5.419635773 24.463775635 39.800590515 0.100450560 -0.718297958 0.306165397 0.616620302
1679962794.378270 -5.485095978 24.547798157 39.963321686 0.097402856 -0.714824319 0.303364217 0.622502387
1679962794.378365 -5.562534332 24.632764816 40.126159668 0.094487906 -0.710147500 0.302266836 0.628806353
1679962794.378453 -5.632499695 24.713544846 40.300548553 0.090279542 -0.706110775 0.298708618 0.635633886
1679962794.378562 -5.725780487 24.805273056 40.480148315 0.089225799 -0.701482594 0.298312813 0.641069889
1679962794.378664 -5.806526184 24.890319824 40.666999817 0.085594155 -0.696916997 0.295436621 0.647840679
1679962794.378762 -5.895072937 24.977685928 40.851703644 0.082753800 -0.690727115 0.293617278 0.655619442
1679962794.378862 -5.985202789 25.071504593 41.045978546 0.080415092 -0.685064316 0.292211592 0.662444532
1679962794.378962 -6.076602936 25.171772003 41.251968384 0.079078212 -0.679893613 0.290998012 0.668439686
1679962794.379102 -6.183269501 25.273437500 41.460060120 0.079562381 -0.674076140 0.292152286 0.673749387
1679962794.379230 -6.282752991 25.374139786 41.665351868 0.077035815 -0.667723358 0.291852474 0.680465400
1679962794.379339 -6.367500305 25.474689484 41.884735107 0.073615067 -0.663106084 0.289023370 0.686539650
1679962794.379445 -6.464248657 25.596248627 42.105842590 0.072499685 -0.657189429 0.290194750 0.691832960
1679962794.379549 -6.540992737 25.729673386 42.328468323 0.070027441 -0.652328610 0.289935678 0.696778893
1679962794.379643 -6.615852356 25.873744965 42.551391602 0.067516431 -0.647896469 0.287787020 0.702033043
1679962794.379748 -6.713367462 26.037258148 42.768253326 0.066032641 -0.642570913 0.290380239 0.705989897
1679962794.379824 -6.812530518 26.206188202 42.983760834 0.063562289 -0.639211357 0.289687037 0.709542274
1679962794.379886 -6.927036285 26.284294128 42.933624268 0.061022978 -0.635550618 0.289885044 0.712964535
1679962794.379941 -7.090225220 26.377334595 42.863655090 0.068495311 -0.627903461 0.304392129 0.713015437
1679962794.379997 -7.225162506 26.399688721 42.808155060 0.069116756 -0.622779310 0.312677294 0.713863969
1679962794.380054 -7.369270325 26.433866501 42.765102386 0.075303972 -0.617741704 0.321574569 0.713662565
1679962794.380119 -7.459178925 26.473369598 42.761131287 0.078632228 -0.621592462 0.317341298 0.711852729
1679962794.380178 -7.528736115 26.500144958 42.752441406 0.078171618 -0.627208948 0.311570942 0.709522247
1679962794.380276 -7.415424347 26.507080078 42.582450867 0.093724422 -0.649308205 0.284706324 0.698968470
1679962794.380276 -7.415424347 26.507080078 42.582450867 0.093724422 -0.649308205 0.284706324 0.698968470
1679962794.380276 -7.415424347 26.507080078 42.582450867 0.093724422 -0.649308205 0.284706324 0.698968470
1679962794.380276 -7.415424347 26.507080078 42.582450867 0.093724422 -0.649308205 0.284706324 0.698968470
1679962794.380276 -7.415424347 26.507080078 42.582450867 0.093724422 -0.649308205 0.284706324 0.698968470
1679962794.380276 -7.415424347 26.507080078 42.582450867 0.093724422 -0.649308205 0.284706324 0.698968470
1679962794.380276 -7.415424347 26.507080078 42.582450867 0.093724422 -0.649308205 0.284706324 0.698968470
1679962794.380276 -7.415424347 26.507080078 42.582450867 0.093724422 -0.649308205 0.284706324 0.698968470
1679962794.380276 -7.415424347 26.507080078 42.582450867 0.093724422 -0.649308205 0.284706324 0.698968470
1679962794.380276 -7.415424347 26.507080078 42.582450867 0.093724422 -0.649308205 0.284706324 0.698968470
1679962794.380276 -7.415424347 26.507080078 42.582450867 0.093724422 -0.649308205 0.284706324 0.698968470
1679962794.380276 -7.415424347 26.507080078 42.582450867 0.093724422 -0.649308205 0.284706324 0.698968470
1679962794.380276 -7.415424347 26.507080078 42.582450867 0.093724422 -0.649308205 0.284706324 0.698968470
1679962794.380276 -7.415424347 26.507080078 42.582450867 0.093724422 -0.649308205 0.284706324 0.698968470
1679962794.380276 -7.415424347 26.507080078 42.582450867 0.093724422 -0.649308205 0.284706324 0.698968470
1679962794.380276 -7.415424347 26.507080078 42.582450867 0.093724422 -0.649308205 0.284706324 0.698968470
1679962794.380276 -7.415424347 26.507080078 42.582450867 0.093724422 -0.649308205 0.284706324 0.698968470
1679962794.380276 -7.415424347 26.507080078 42.582450867 0.093724422 -0.649308205 0.284706324 0.698968470
