1679962794.350636 0.000000000 0.000000000 0.000000000 -0.000000000 -0.000000000 -0.000000000 1.000000000
1679962794.350827 0.211960763 0.016877325 0.115342848 0.007761860 -0.011595448 0.004518096 0.999892473
1679962794.350972 0.412158310 0.049053911 0.237003684 0.015811820 -0.022421526 0.009274614 0.999580562
1679962794.351104 0.614771664 0.072703138 0.360364467 0.014743315 -0.033593103 0.012825789 0.999244511
1679962794.351207 0.799196005 0.115132742 0.483299047 0.015590139 -0.042828206 0.016798878 0.998819590
1679962794.351302 0.993351877 0.140552089 0.609627664 0.014589295 -0.053621277 0.019296112 0.998268306
1679962794.351502 1.171296239 0.181798443 0.729586542 0.015399056 -0.062603936 0.022244859 0.997671723
1679962794.351600 1.355676532 0.212810576 0.850182712 0.015089159 -0.072170712 0.024251753 0.996983230
1679962794.351679 1.534174919 0.248977229 0.969280481 0.015470662 -0.081080206 0.026286647 0.996240795
1679962794.351762 1.711095452 0.282054693 1.087052703 0.015492112 -0.089881450 0.027957967 0.995439470
1679962794.351920 1.882458568 0.318982244 1.202060819 0.016162585 -0.097994968 0.029467531 0.994619250
1679962794.352021 2.057920694 0.346183628 1.317084908 0.015643865 -0.106637634 0.030682646 0.993701279
1679962794.352395 2.230153561 0.377395749 1.425997257 0.015741749 -0.114631496 0.031791426 0.992774487
1679962794.352512 2.399399757 0.408750594 1.530986786 0.016042247 -0.122184008 0.033100240 0.991825640
1679962794.352601 2.565099478 0.445584446 1.634152770 0.016926555 -0.129239246 0.034898479 0.990854621
1679962794.352696 2.728889704 0.473630726 1.730580091 0.017404027 -0.136059821 0.035511963 0.989910960
1679962794.352963 2.894916058 0.499739617 1.825651050 0.017660603 -0.143140763 0.036032770 0.988888502
1679962794.353063 3.059375763 0.525630474 1.914070010 0.017948063 -0.149651930 0.037064303 0.987880826
1679962794.353552 3.217658520 0.557392061 1.999558687 0.019173326 -0.155784190 0.038141336 0.986868262
1679962794.353664 3.379712343 0.578152299 2.083717585 0.019078050 -0.162295952 0.038858846 0.985792100
1679962794.353760 3.541566372 0.601730943 2.163654804 0.019522035 -0.168851495 0.039742723 0.984646499
1679962794.353887 3.695051193 0.630391896 2.239373684 0.020443831 -0.174112573 0.041205123 0.983650923
1679962794.353982 3.870003462 0.640450358 2.320594549 0.020090135 -0.181278422 0.040783975 0.982380390
1679962794.354109 4.039729118 0.663284838 2.395321846 0.018876109 -0.187350288 0.041601807 0.981230319
1679962794.354218 4.210972786 0.683178782 2.468528032 0.018113099 -0.193349212 0.042085409 0.980059624
1679962794.354431 4.386422157 0.710963368 2.541541815 0.018021530 -0.199320138 0.043339632 0.978809714
1679962794.354544 4.568956852 0.718256712 2.618675709 0.016825775 -0.205817565 0.043067560 0.977497458
1679962794.354634 4.740637779 0.754639149 2.678808212 0.018192222 -0.209774539 0.045021985 0.976543248
1679962794.354724 4.927162170 0.772291005 2.745210171 0.018347826 -0.214918211 0.045538373 0.975397289
1679962794.354869 5.123855591 0.778323412 2.811509848 0.017960547 -0.219938383 0.045177002 0.974301577
1679962794.355273 5.310825348 0.814155757 2.864239454 0.019690825 -0.222971603 0.047077987 0.973488450
1679962794.355372 5.514232635 0.818602979 2.925945520 0.019745374 -0.227347821 0.046429709 0.972505748
1679962794.355523 5.713957787 0.836210549 2.981702805 0.020721015 -0.230402783 0.046675567 0.971754432
1679962794.355616 5.911998749 0.855070353 3.024845123 0.021585448 -0.232181385 0.047132522 0.971290112
1679962794.355706 6.109558105 0.866817713 3.073059797 0.022759808 -0.233947664 0.046343300 0.970877349
1679962794.355831 6.304286957 0.895856619 3.108604431 0.024182279 -0.233975440 0.047231749 0.970793486
1679962794.355927 6.494456291 0.922439635 3.148373604 0.025815044 -0.233399943 0.046995275 0.970901430
1679962794.356026 6.698834419 0.915521026 3.208080769 0.024962638 -0.233931616 0.044886984 0.970895469
1679962794.356115 6.887293816 0.932030261 3.262992144 0.025577046 -0.232301623 0.043239594 0.971345544
1679962794.356198 7.064308643 0.955928087 3.317917109 0.026152033 -0.229004011 0.041634776 0.972183049
1679962794.356288 7.246720314 0.981257498 3.378136396 0.026361825 -0.225139230 0.039831158 0.973155141
1679962794.356387 7.431840897 1.011720181 3.436156511 0.026737705 -0.219964415 0.037805587 0.974408329
1679962794.356472 7.606377602 1.023460507 3.503282309 0.025506549 -0.213736609 0.034501635 0.975948632
1679962794.356569 7.775584221 1.049607515 3.571626902 0.025040628 -0.206212610 0.031040361 0.977694213
1679962794.356663 7.955562115 1.078725457 3.630026579 0.024172470 -0.197367102 0.028013542 0.979631126
1679962794.356751 8.116132736 1.110987544 3.687732697 0.023651142 -0.187150836 0.024522686 0.981740236
1679962794.356872 8.288160324 1.133683562 3.753561020 0.022231737 -0.177051947 0.020305412 0.983740866
1679962794.356972 8.443766594 1.161953926 3.807108879 0.021174232 -0.165253237 0.016001014 0.985894024
1679962794.357187 8.611232758 1.189070225 3.870666265 0.020088961 -0.154278666 0.011382699 0.987757564
1679962794.357301 8.763872147 1.208135486 3.925049782 0.018442892 -0.142155185 0.006585520 0.989650667
1679962794.357392 8.932946205 1.228875518 3.984094620 0.016984332 -0.130796477 0.001842146 0.991262019
1679962794.357488 9.105653763 1.266213417 4.043763161 0.016085373 -0.119801775 -0.002337935 0.992664754
1679962794.357596 9.258152008 1.279599667 4.102806568 0.014411162 -0.108626097 -0.007118316 0.993952751
1679962794.357751 9.407159805 1.305454254 4.161571980 0.013084811 -0.098009981 -0.011595736 0.995031893
1679962794.357859 9.562295914 1.347824812 4.218853474 0.012158396 -0.088542171 -0.016059304 0.995868802
1679962794.357963 9.695349693 1.420447707 4.299699783 0.011481464 -0.079667114 -0.020021206 0.996554315
1679962794.358060 9.828972816 1.469866395 4.370658875 0.010492273 -0.072216757 -0.023884274 0.997047782
1679962794.358152 9.946112633 1.522975922 4.432504654 0.009955393 -0.065323360 -0.027468760 0.997436345
1679962794.358248 10.072453499 1.610855341 4.518939495 0.010416905 -0.060507625 -0.030282328 0.997653902
1679962794.358353 10.192455292 1.668482780 4.583857059 0.010607228 -0.057341296 -0.033002239 0.997752666
1679962794.358442 10.305921555 1.744281054 4.664092541 0.011411955 -0.056039132 -0.035041776 0.997748196
1679962794.358531 10.417634010 1.799162984 4.741933346 0.011898824 -0.057008088 -0.036510617 0.997635007
1679962794.358641 10.498235703 1.884302378 4.834815025 0.013231170 -0.059676118 -0.037611026 0.997421265
1679962794.358804 10.573484421 1.987750888 4.920108795 0.015624584 -0.065735333 -0.037820134 0.996997714
1679962794.358878 10.580536842 2.103302956 5.011401653 0.017979695 -0.073151797 -0.037529632 0.996452272
1679962794.358972 10.583938599 2.212504864 5.090083599 0.019296922 -0.083128363 -0.036567334 0.995680809
1679962794.359068 10.558342934 2.321080923 5.166788578 0.020168411 -0.094641648 -0.035410825 0.994677067
1679962794.359125 10.543066978 2.456562757 5.243875504 0.022170911 -0.108013302 -0.033505481 0.993337274
1679962794.359176 10.511293411 2.567932367 5.309637547 0.023504307 -0.122127928 -0.031195959 0.991745532
1679962794.359230 10.470846176 2.685250044 5.384402275 0.025164252 -0.137015492 -0.028558102 0.989837348
1679962794.359280 10.439101219 2.797632694 5.451072693 0.026928358 -0.152845874 -0.025192974 0.987561822
1679962794.359332 10.395738602 2.912927866 5.520246029 0.029020626 -0.168708995 -0.021974010 0.984993577
1679962794.359384 10.365119934 3.031126976 5.591620445 0.031357035 -0.185144067 -0.017666513 0.982052088
1679962794.359440 10.325961113 3.145269156 5.658709526 0.033656951 -0.200939327 -0.013452062 0.978932917
1679962794.359488 10.285702705 3.256272793 5.723268986 0.035772078 -0.216185972 -0.008657830 0.975658298
1679962794.359554 10.244239807 3.377371550 5.792630672 0.038223714 -0.230867609 -0.003445817 0.972228050
1679962794.359603 10.205207825 3.489044905 5.866420746 0.039918859 -0.244623855 0.001657575 0.968794644
1679962794.359652 10.170034409 3.606181622 5.939349174 0.041631106 -0.257276744 0.007438717 0.965411961
1679962794.359734 10.126672745 3.718717098 6.009015083 0.042649947 -0.268124372 0.013376569 0.962346852
1679962794.359787 10.084462166 3.841729879 6.072607994 0.043945014 -0.277059168 0.019639462 0.959646523
1679962794.359841 10.041507721 3.952924967 6.143648624 0.043735482 -0.284320205 0.025911126 0.957380772
1679962794.359890 9.995612144 4.070339203 6.222582817 0.043307979 -0.289390117 0.032555267 0.955676675
1679962794.359938 9.952253342 4.177598000 6.291477680 0.041582100 -0.292040795 0.039191291 0.954697430
1679962794.359990 9.909510612 4.296305180 6.371336460 0.037226822 -0.293143272 0.045232918 0.954272151
1679962794.360041 9.862856865 4.407891273 6.440535545 0.031514507 -0.291322172 0.051222675 0.954732656
1679962794.360094 9.813246727 4.514693737 6.523302078 0.024522273 -0.287563413 0.057047218 0.955746651
1679962794.360141 9.762865067 4.632500648 6.604960442 0.017285036 -0.281674564 0.063045762 0.957280517
1679962794.360188 9.706679344 4.749294758 6.685307980 0.009695141 -0.273627937 0.069075182 0.959303081
1679962794.360247 9.651631355 4.861989975 6.772600174 0.001169002 -0.264250487 0.074885532 0.961541712
1679962794.360297 9.598390579 4.971401215 6.863332272 -0.007993078 -0.253376514 0.080433071 0.963984966
1679962794.360343 9.543307304 5.066358566 6.964797497 -0.018396376 -0.241076887 0.086159959 0.966498852
1679962794.360392 9.475191116 5.166034698 7.058197498 -0.028604098 -0.226924226 0.091675505 0.969166100
1679962794.360440 9.417005539 5.271261692 7.171035767 -0.038735893 -0.212634251 0.097284906 0.971504927
1679962794.360491 9.355934143 5.354987144 7.271597385 -0.049928166 -0.196838140 0.102665775 0.973766804
1679962794.360537 9.296603203 5.429784298 7.369293690 -0.061092135 -0.180380151 0.107707299 0.975771427
1679962794.360584 9.244905472 5.501187801 7.462991238 -0.072212525 -0.163473204 0.112739168 0.977420986
1679962794.360631 9.201336861 5.577639580 7.566337585 -0.083004117 -0.146758869 0.117710397 0.978629887
1679962794.360713 9.155218124 5.636032104 7.648433208 -0.094229758 -0.129318312 0.122315206 0.979508340
1679962794.360766 9.121514320 5.686578274 7.730966568 -0.105580650 -0.112492301 0.127319977 0.979789674
1679962794.360816 9.085518837 5.733313084 7.802735806 -0.116443962 -0.095627338 0.131817862 0.979755282
1679962794.360867 9.053812027 5.784612179 7.872933388 -0.126552865 -0.079361439 0.135802507 0.979409993
1679962794.360917 9.021422386 5.821556568 7.930202484 -0.136601284 -0.063518271 0.139978781 0.978627324
1679962794.360973 8.998480797 5.860283375 7.989911556 -0.145952925 -0.048716988 0.143920347 0.977553785
1679962794.361022 8.979708672 5.893653870 8.040419579 -0.154856935 -0.035160940 0.148180947 0.976127803
1679962794.361071 8.956346512 5.915617943 8.076385498 -0.163555503 -0.022105943 0.151498497 0.974581480
1679962794.361122 8.942653656 5.935550213 8.110758781 -0.171477333 -0.010491528 0.155054659 0.972853303
1679962794.361168 8.928863525 5.950109005 8.134082794 -0.178701848 0.000193195 0.158240825 0.971095026
1679962794.361217 8.923948288 5.972480774 8.163605690 -0.184729502 0.009125523 0.160116285 0.969615698
1679962794.361261 8.920355797 5.979597569 8.176050186 -0.190870821 0.016513480 0.157896429 0.968692124
1679962794.361307 8.915560722 5.983295918 8.183153152 -0.196239948 0.023100769 0.155887410 0.967809618
1679962794.361356 8.913990974 5.988832474 8.192014694 -0.200926840 0.028515510 0.154407427 0.966940403
1679962794.361401 8.908376694 5.994305611 8.200928688 -0.204944029 0.033090275 0.153057352 0.966165900
1679962794.361453 8.901107788 6.003698349 8.210610390 -0.207950547 0.036754191 0.151769355 0.965593994
1679962794.361517 8.896860123 6.014397144 8.227540016 -0.210248902 0.039267473 0.151522607 0.965035975
1679962794.361568 8.889623642 6.025764465 8.242339134 -0.211620942 0.040982917 0.150834963 0.964772403
1679962794.361618 8.880239487 6.040299416 8.262341499 -0.212063953 0.041750610 0.150367603 0.964715183
1679962794.361696 8.870511055 6.052222729 8.283424377 -0.211847126 0.041875381 0.150750846 0.964697599
1679962794.361748 8.858210564 6.068959236 8.303683281 -0.210247695 0.040919777 0.150725007 0.965092540
1679962794.361794 8.849668503 6.088466167 8.330736160 -0.207846150 0.038793381 0.151491329 0.965580404
1679962794.361840 8.836484909 6.105138302 8.356758118 -0.204475254 0.036141008 0.152114198 0.966304839
1679962794.361892 8.821123123 6.126863480 8.386463165 -0.199935213 0.032505240 0.153007254 0.967242539
1679962794.361940 8.805123329 6.147470474 8.417630196 -0.194665939 0.027345359 0.150345206 0.968893111
1679962794.361990 8.786255836 6.171954632 8.449312210 -0.188157037 0.020428764 0.144276768 0.971269250
1679962794.362039 8.771717072 6.199144840 8.485018730 -0.180671871 0.012115795 0.137528285 0.973805368
1679962794.362089 8.750999451 6.228399754 8.519053459 -0.171849817 0.003104710 0.129564747 0.976560831
1679962794.362138 8.730559349 6.257289410 8.559666634 -0.162364557 -0.006660562 0.121138521 0.979244053
1679962794.362185 8.712384224 6.291234970 8.602540970 -0.151752755 -0.017671812 0.111874431 0.981907845
1679962794.362233 8.686788559 6.322918415 8.646764755 -0.140610829 -0.028867446 0.101576097 0.984417379
1679962794.362291 8.667068481 6.357803822 8.689844131 -0.128792614 -0.040966090 0.091001578 0.986637235
1679962794.362342 8.641907692 6.395247459 8.737385750 -0.116119064 -0.053432927 0.079860739 0.988576531
1679962794.362390 8.618224144 6.430768967 8.783755302 -0.103274249 -0.066243537 0.068227351 0.990096629
1679962794.362435 8.588850021 6.478988171 8.842077255 -0.089543417 -0.078966536 0.055970080 0.991268754
1679962794.362486 8.558996201 6.520107269 8.893875122 -0.075795121 -0.092035219 0.044371422 0.991874933
1679962794.362550 8.533095360 6.564594269 8.955666542 -0.062148303 -0.105052769 0.031999491 0.992006838
1679962794.362600 8.505975723 6.609505653 9.016872406 -0.048628192 -0.118269891 0.019550458 0.991597354
1679962794.362686 8.473773956 6.653022766 9.072630882 -0.035022032 -0.130679518 0.007540648 0.990777194
1679962794.362741 8.446717262 6.706337929 9.144429207 -0.021253396 -0.143446341 -0.005292879 0.989415765
1679962794.362799 8.415450096 6.750731468 9.214916229 -0.008633668 -0.155334786 -0.017549654 0.987668276
1679962794.362856 8.381859779 6.801930904 9.285891533 0.004026632 -0.166633055 -0.029538780 0.985568225
1679962794.362908 8.346474648 6.853265762 9.356818199 0.015997572 -0.177383646 -0.041020948 0.983156383
1679962794.362957 8.310405731 6.909814835 9.432759285 0.027634433 -0.187212765 -0.052307751 0.980536461
1679962794.363010 8.279561996 6.959637165 9.516180038 0.038106374 -0.196985796 -0.062820010 0.977649331
1679962794.363110 8.234690666 7.014914989 9.596765518 0.047404427 -0.204709917 -0.072662674 0.974970162
1679962794.363164 8.193405151 7.065093517 9.679545403 0.048606932 -0.213857114 -0.066937596 0.973356009
1679962794.363215 8.155487061 7.123384476 9.766504288 0.050275121 -0.222136706 -0.062350467 0.971720278
1679962794.363261 8.112260818 7.175696850 9.853185654 0.050916329 -0.228932396 -0.057969410 0.970379889
1679962794.363310 8.067262650 7.230294228 9.941306114 0.051384438 -0.234467238 -0.054225981 0.969249368
1679962794.363356 8.026067734 7.291393280 10.035936356 0.052579809 -0.239076287 -0.051569309 0.968203783
1679962794.363403 7.978689671 7.348466873 10.133203506 0.052637115 -0.242088526 -0.049464058 0.967561841
1679962794.363452 7.931031704 7.411538601 10.232069969 0.053132299 -0.243626341 -0.048595116 0.967192709
1679962794.363511 7.889849663 7.470272541 10.329860687 0.053583600 -0.244020000 -0.048876680 0.967054367
1679962794.363556 7.849930763 7.520665646 10.415600777 0.053331595 -0.242794931 -0.049395207 0.967350245
1679962794.363658 7.813456059 7.568770409 10.498989105 0.052820865 -0.240050584 -0.051002726 0.967979550
1679962794.363712 7.779345512 7.611399651 10.567891121 0.052140497 -0.235590473 -0.053655304 0.968968391
1679962794.363760 7.747560024 7.646205902 10.629096985 0.050807226 -0.229688823 -0.056915045 0.970269203
1679962794.363823 7.722675323 7.681518078 10.689787865 0.049820121 -0.222608730 -0.061630052 0.971681595
1679962794.363876 7.699505806 7.714065552 10.740260124 0.048975993 -0.213558704 -0.067093462 0.973392248
1679962794.363926 7.680582047 7.739796638 10.785493851 0.043922979 -0.204224765 -0.074226879 0.975117147
1679962794.364103 7.664079666 7.761532784 10.818787575 0.037368294 -0.193485051 -0.082671024 0.976899564
1679962794.364161 7.650972843 7.778622150 10.846428871 0.029279888 -0.181456432 -0.091805920 0.978666425
1679962794.364288 7.640517235 7.789937496 10.862538338 0.019671937 -0.168238491 -0.101550370 0.980304241
1679962794.364339 7.636381149 7.799089909 10.875270844 0.008865596 -0.154122904 -0.112120531 0.981629550
1679962794.364386 7.634537220 7.797157288 10.884808540 -0.005673656 -0.138784930 -0.111902356 0.983963728
1679962794.364435 7.628839493 7.801244736 10.890324593 -0.022640795 -0.122257099 -0.104291156 0.986744106
1679962794.364480 7.620913982 7.806064129 10.910669327 -0.041242275 -0.104300432 -0.095669650 0.989074230
1679962794.364530 7.606852531 7.815627575 10.932621002 -0.060693320 -0.084942266 -0.085957505 0.990814030
1679962794.364601 7.592630863 7.826260567 10.964133263 -0.080990471 -0.065114148 -0.075088263 0.991747200
1679962794.364655 7.576079369 7.842171669 10.999842644 -0.102150477 -0.044983432 -0.063867047 0.991696954
1679962794.364702 7.556733608 7.864420414 11.045174599 -0.123022527 -0.024643276 -0.051576536 0.990756273
1679962794.364748 7.534801483 7.887373924 11.097071648 -0.144439757 -0.004267742 -0.038710009 0.988746941
1679962794.364794 7.510414124 7.917409897 11.154674530 -0.165487632 0.015921034 -0.026070138 0.985738695
1679962794.364849 7.482787132 7.948736191 11.215971947 -0.186322704 0.035308179 -0.012018945 0.981780469
1679962794.364896 7.450322151 7.982390404 11.283466339 -0.207156569 0.054270845 0.001576331 0.976800084
1679962794.364943 7.419507027 8.023048401 11.362386703 -0.226776958 0.071543805 0.015068846 0.971198559
1679962794.364986 7.386175632 8.064268112 11.438472748 -0.245318249 0.087699115 0.028674522 0.965041757
1679962794.365035 7.351723194 8.105651855 11.517765999 -0.262879044 0.102182791 0.042625077 0.958455265
1679962794.365079 7.315617085 8.146930695 11.599390030 -0.279725045 0.114842743 0.056131810 0.951532602
1679962794.365132 7.279150009 8.194500923 11.682037354 -0.294042408 0.125046954 0.069157109 0.945050061
1679962794.365180 7.237560749 8.241189957 11.767445564 -0.307355523 0.133933380 0.081547499 0.938586473
1679962794.365230 7.197421551 8.291310310 11.856261253 -0.318785757 0.139848500 0.093936816 0.932734728
1679962794.365274 7.154359341 8.339173317 11.947501183 -0.328579605 0.142761335 0.105515227 0.927642822
1679962794.365321 7.110445023 8.389674187 12.038585663 -0.336314410 0.142830759 0.116360873 0.923554122
1679962794.365369 7.067059994 8.442074776 12.131482124 -0.341684788 0.139273748 0.126604602 0.920774519
1679962794.365417 7.020418167 8.494815826 12.224719048 -0.344612777 0.132387415 0.135614932 0.919415176
1679962794.365467 6.972339630 8.549803734 12.319478989 -0.346773893 0.119767673 0.137106270 0.920111716
1679962794.365523 6.921332836 8.604085922 12.411464691 -0.346023202 0.105096057 0.139092907 0.921887159
1679962794.365602 6.870101929 8.666484833 12.515192032 -0.343013704 0.087691255 0.141141176 0.924516678
1679962794.365654 6.820173264 8.725132942 12.624917030 -0.338508785 0.068682365 0.144713342 0.927228510
1679962794.365703 6.765330791 8.785538673 12.731356621 -0.332117885 0.047866952 0.148381472 0.930263162
1679962794.365749 6.710097790 8.846388817 12.834293365 -0.322996795 0.026081813 0.152146488 0.933726013
1679962794.365796 6.652455330 8.909849167 12.941960335 -0.312839597 0.003321647 0.156780437 0.936771214
1679962794.365846 6.596334457 8.975298882 13.054596901 -0.301458150 -0.020379940 0.162530914 0.939303696
1679962794.365989 6.537366867 9.040198326 13.171360016 -0.289553553 -0.044398524 0.169083953 0.941062272
1679962794.366046 6.479997635 9.107124329 13.283514023 -0.276326060 -0.069157057 0.175712049 0.942330360
1679962794.366092 6.417460442 9.183504105 13.409697533 -0.262926221 -0.093889758 0.184454560 0.942354023
1679962794.366138 6.362537861 9.247708321 13.522355080 -0.249103993 -0.118668772 0.192543045 0.941696405
1679962794.366206 6.302649498 9.320018768 13.644255638 -0.235435888 -0.143893644 0.199229732 0.940304279
1679962794.366249 6.236917496 9.393361092 13.767609596 -0.220980972 -0.168956175 0.200840086 0.939300001
1679962794.366389 6.172707081 9.469656944 13.890512466 -0.206150889 -0.193939507 0.201463923 0.937710881
1679962794.366451 6.105010033 9.559029579 14.021108627 -0.191469327 -0.218028575 0.201715991 0.935475171
1679962794.366502 6.037460804 9.639492035 14.158149719 -0.177799180 -0.240206838 0.202440053 0.932580411
1679962794.366826 5.968842506 9.723864555 14.291182518 -0.164544284 -0.260700554 0.202712879 0.929444969
1679962794.366896 5.894105434 9.818891525 14.430553436 -0.152279332 -0.279293239 0.203372791 0.925983667
1679962794.366948 5.820945740 9.897492409 14.578701019 -0.141622216 -0.295991302 0.203414723 0.922472119
1679962794.367201 5.755280495 10.005559921 14.723430634 -0.131086394 -0.310717732 0.204715326 0.918892026
1679962794.367267 5.670697212 10.089308739 14.870904922 -0.122338839 -0.323034942 0.205191374 0.915739179
1679962794.367320 5.594121933 10.177397728 15.027088165 -0.114761218 -0.334038854 0.205566332 0.912683070
1679962794.367369 5.521342278 10.272495270 15.181985855 -0.107472502 -0.343409687 0.206039712 0.909981906
1679962794.367419 5.448781013 10.378419876 15.336284637 -0.100857168 -0.351117104 0.207012802 0.907573879
1679962794.367538 5.378315926 10.470297813 15.503767014 -0.095510840 -0.357785225 0.207139283 0.905516922
1679962794.367595 5.293763638 10.569288254 15.669713974 -0.090773359 -0.362795532 0.207849726 0.903846323
1679962794.367644 5.225194931 10.686065674 15.832712173 -0.086077504 -0.366806686 0.208786637 0.902469814
1679962794.367725 5.147235394 10.785737038 16.005834579 -0.082546473 -0.369763345 0.209001988 0.901542723
1679962794.367787 5.063355923 10.899319649 16.179441452 -0.079324014 -0.371502787 0.209696934 0.900955379
1679962794.367947 4.975585938 10.998414040 16.354219437 -0.076187126 -0.372406483 0.209202811 0.900967896
1679962794.367999 4.871707439 11.105653763 16.526000977 -0.073347755 -0.372014403 0.209489226 0.901298940
1679962794.368078 4.800558090 11.223649025 16.706857681 -0.070112489 -0.371748865 0.208915159 0.901799023
1679962794.368132 4.708786011 11.342844009 16.889173508 -0.067298532 -0.370412022 0.208572403 0.902642488
1679962794.368212 4.610585213 11.449642181 17.077777863 -0.064794533 -0.368682474 0.207325712 0.903820276
1679962794.368313 4.524348736 11.565311432 17.276941299 -0.061948568 -0.366598666 0.205630645 0.905253470
1679962794.368385 4.449303627 11.679225922 17.467245102 -0.058882415 -0.364225358 0.203684971 0.906854570
1679962794.368432 4.343244076 11.800761223 17.656629562 -0.055582151 -0.361105949 0.201954305 0.908695579
1679962794.368501 4.234393120 11.923709869 17.852222443 -0.051659331 -0.357762903 0.199539393 0.910780489
1679962794.368566 4.140450001 12.056523323 18.068679810 -0.047361448 -0.355414629 0.196151882 0.912667394
1679962794.368614 4.030392647 12.176184654 18.261165619 -0.042768408 -0.351977438 0.192595586 0.914980769
1679962794.368661 3.948037624 12.308196068 18.459190369 -0.037300535 -0.349494994 0.188386858 0.917045474
1679962794.368708 3.831699371 12.429929733 18.647254944 -0.031987082 -0.346355677 0.184161901 0.919292688
1679962794.368753 3.750870705 12.534172058 18.864892960 -0.027281027 -0.344411552 0.179210201 0.921151519
1679962794.368798 3.655600548 12.655611992 19.041175842 -0.021194845 -0.342407227 0.173925713 0.923069894
1679962794.368845 3.560112953 12.785984039 19.243658066 -0.015147816 -0.340906173 0.168994769 0.924659014
1679962794.368893 3.441695213 12.894264221 19.410615921 -0.009285376 -0.339251846 0.163430884 0.926343560
1679962794.368942 3.349144936 12.988694191 19.581142426 -0.003626646 -0.338565230 0.157698333 0.927626908
1679962794.368989 3.266251564 13.088320732 19.751970291 0.001911534 -0.339283943 0.152279258 0.928274691
1679962794.369036 3.156727314 13.202642441 19.912221909 0.008217433 -0.340154678 0.146026403 0.928926051
1679962794.369081 3.098660469 13.322305679 20.128429413 0.013482802 -0.343098849 0.141082436 0.928545713
1679962794.369128 3.004065514 13.442620277 20.290601730 0.019616771 -0.346171141 0.135172322 0.928175211
1679962794.369177 2.940519810 13.522730827 20.468555450 0.024074741 -0.351133317 0.129388973 0.927029848
1679962794.369224 2.823975563 13.639099121 20.615505219 0.029244900 -0.355991274 0.123737894 0.925799072
1679962794.369276 2.776112556 13.708547592 20.818439484 0.032156989 -0.364246428 0.118613064 0.923158407
1679962794.369325 2.702025414 13.854272842 21.038869858 0.036326896 -0.373509765 0.113986924 0.919879258
1679962794.369371 2.575223923 13.934851646 21.200647354 0.039296985 -0.382601738 0.108676590 0.916657567
1679962794.369420 2.482235909 14.030670166 21.392822266 0.041254614 -0.394169211 0.103876628 0.912216187
1679962794.369495 2.343572140 14.120397568 21.569063187 0.042837288 -0.406702399 0.098855056 0.907185674
1679962794.369547 2.293797493 14.253835678 21.780580521 0.044348791 -0.422334462 0.095779970 0.900273860
1679962794.369596 2.191214561 14.362545013 21.999155045 0.044224147 -0.438874900 0.091380581 0.892794847
1679962794.369642 2.146425247 14.550943375 22.244113922 0.045270726 -0.457177818 0.090510644 0.883598804
1679962794.369695 2.040718079 14.681154251 22.457712173 0.044550180 -0.475258321 0.087947801 0.874305487
1679962794.369767 1.940411568 14.799886703 22.688880920 0.043100201 -0.494380355 0.085356876 0.863970339
1679962794.369833 1.810699463 14.890933990 22.876289368 0.040824309 -0.512302756 0.082665302 0.853841782
1679962794.369878 1.727807045 15.027107239 23.170116425 0.034932517 -0.533464372 0.085878611 0.840726137
1679962794.369925 1.591270447 15.135324478 23.361604691 0.028749941 -0.551425457 0.088774808 0.828988791
1679962794.369984 1.521715164 15.283088684 23.661460876 0.023349099 -0.571778774 0.091227852 0.814985514
1679962794.370033 1.414131165 15.424162865 23.902484894 0.018351298 -0.589622796 0.093275592 0.802064776
1679962794.370084 1.308410645 15.552515030 24.147890091 0.013374154 -0.606880307 0.094333746 0.789061844
1679962794.370130 1.203058243 15.685790062 24.384613037 0.009050488 -0.622693062 0.095031127 0.776621282
1679962794.370173 1.091760635 15.821004868 24.621511459 0.005348355 -0.637351751 0.095687822 0.764590085
1679962794.370215 0.983655930 15.949961662 24.859415054 0.002004727 -0.650602520 0.095684111 0.753363729
1679962794.370260 0.874374390 16.081375122 25.092065811 -0.000503047 -0.662137568 0.095837526 0.743228674
1679962794.370308 0.776615143 16.205240250 25.339349747 -0.002694814 -0.672473788 0.095717728 0.733900487
1679962794.370353 0.656450272 16.339328766 25.562589645 -0.004138594 -0.680126607 0.095965162 0.726774693
1679962794.370399 0.548357010 16.476778030 25.799261093 -0.004559086 -0.685784221 0.096666388 0.721342444
1679962794.370502 0.444503784 16.601213455 26.054702759 -0.004841032 -0.690124035 0.097184502 0.717119634
1679962794.370561 0.334972382 16.722709656 26.268041611 -0.004556607 -0.691861033 0.097876824 0.715351462
1679962794.370620 0.231426239 16.847654343 26.524805069 -0.007079534 -0.691379428 0.102368489 0.715167940
1679962794.370673 0.128995895 16.973255157 26.764072418 -0.008965014 -0.688474536 0.107610874 0.717176676
1679962794.370724 0.012374878 17.099462509 26.972761154 -0.010702769 -0.682833314 0.113359280 0.721646607
1679962794.370777 -0.097877502 17.224210739 27.200946808 -0.011805998 -0.675564706 0.119145051 0.727514565
1679962794.370833 -0.210140228 17.349723816 27.425655365 -0.012948704 -0.666407347 0.125457153 0.734842896
1679962794.370882 -0.314363480 17.472669601 27.661437988 -0.013852239 -0.656173944 0.131901547 0.742863297
1679962794.370931 -0.423511505 17.600112915 27.878240585 -0.014280245 -0.643925130 0.138559833 0.752301633
1679962794.370985 -0.536039352 17.732173920 28.117584229 -0.014492908 -0.631097138 0.145296469 0.761836767
1679962794.371092 -0.644636154 17.854988098 28.346317291 -0.014762040 -0.617074370 0.152067199 0.771930575
1679962794.371146 -0.753067017 17.979867935 28.553070068 -0.014382697 -0.601791024 0.157852843 0.782766402
1679962794.371191 -0.865480423 18.096429825 28.760936737 -0.014143842 -0.586084545 0.163487807 0.793458700
1679962794.371237 -0.964441299 18.218963623 29.001035690 -0.014240715 -0.571011186 0.169430330 0.803141892
1679962794.371283 -1.072101593 18.359973907 29.247985840 -0.013110898 -0.555964470 0.175158024 0.812435389
1679962794.371328 -1.179714203 18.478591919 29.470832825 -0.013022960 -0.540372550 0.180280656 0.821782708
1679962794.371376 -1.280820847 18.600269318 29.727783203 -0.012918632 -0.526608407 0.184781432 0.829682231
1679962794.371459 -1.386674881 18.701511383 29.943725586 -0.013420007 -0.512145102 0.188224539 0.837913394
1679962794.371516 -1.513319016 18.847261429 30.186277390 -0.011738768 -0.499401420 0.191840842 0.844782591
1679962794.371570 -1.624647141 18.984018326 30.416536331 -0.010631297 -0.488134503 0.194262460 0.850807786
1679962794.371613 -1.729558945 19.112657547 30.663599014 -0.010006694 -0.479100555 0.196270078 0.855476856
1679962794.371659 -1.848806381 19.232524872 30.907442093 -0.010301313 -0.471461564 0.197736815 0.859370768
1679962794.371705 -1.954933167 19.367774963 31.146482468 -0.009265476 -0.466604799 0.198024213 0.861963212
1679962794.371752 -2.062277794 19.488800049 31.379882812 -0.009465883 -0.463364094 0.197644576 0.863794386
1679962794.371798 -2.177576065 19.641056061 31.635482788 -0.008094082 -0.462789863 0.197394297 0.864173353
1679962794.371846 -2.277551651 19.758060455 31.884910583 -0.009127501 -0.464064479 0.195734248 0.863857031
1679962794.371893 -2.384071350 19.890678406 32.114807129 -0.008333816 -0.466269910 0.193613589 0.863155067
1679962794.371939 -2.486066818 20.019660950 32.341140747 -0.008014068 -0.469415188 0.191376597 0.861951411
1679962794.371985 -2.585527420 20.126949310 32.557041168 -0.008895603 -0.473362863 0.188293368 0.860461533
1679962794.372030 -2.682098389 20.257663727 32.777275085 -0.008121315 -0.478826076 0.185950547 0.857952297
1679962794.372076 -2.772560120 20.372045517 32.987564087 -0.008202262 -0.484339058 0.182457075 0.855603814
1679962794.372121 -2.867317200 20.477783203 33.191074371 -0.008941554 -0.489902943 0.179462984 0.853058159
1679962794.372170 -2.954263687 20.595693588 33.391654968 -0.008434774 -0.496062309 0.176392093 0.850139320
1679962794.372216 -3.032651901 20.694211960 33.587295532 -0.009648560 -0.501870155 0.173233390 0.847362757
1679962794.372271 -3.116123199 20.809000015 33.775196075 -0.008927159 -0.507227242 0.170615762 0.844707727
1679962794.372322 -3.193908691 20.896781921 33.952892303 -0.010665626 -0.511319458 0.167798638 0.842782497
1679962794.372368 -3.266530991 20.996765137 34.125949860 -0.010635518 -0.514913559 0.165322825 0.841082215
1679962794.372455 -3.338804245 21.087276459 34.296665192 -0.011679429 -0.517502666 0.163445488 0.839845359
1679962794.372502 -3.407533646 21.178634644 34.464241028 -0.012108548 -0.519074798 0.161742941 0.839198470
1679962794.372547 -3.476486206 21.265478134 34.623001099 -0.012990998 -0.518710375 0.161109596 0.839532316
1679962794.372594 -3.538658142 21.348850250 34.777324677 -0.013676902 -0.516821861 0.160819784 0.840740800
1679962794.372637 -3.600879669 21.427099228 34.924121857 -0.014683999 -0.512590468 0.161318049 0.843215227
1679962794.372683 -3.659400940 21.503305435 35.065284729 -0.015427282 -0.506266356 0.162488505 0.846790433
1679962794.372732 -3.711240768 21.576391220 35.200504303 -0.016259313 -0.497914135 0.164370105 0.851351738
1679962794.372779 -3.766246796 21.644317627 35.330184937 -0.017204342 -0.487610668 0.166632831 0.856839240
1679962794.372826 -3.823579788 21.709955215 35.449821472 -0.018322047 -0.474190801 0.170450300 0.863570571
1679962794.372875 -3.872035980 21.770755768 35.567054749 -0.019580390 -0.459934950 0.173934326 0.870530486
1679962794.372921 -3.913222313 21.828174591 35.678924561 -0.021586984 -0.444625586 0.177984163 0.877589762
1679962794.372974 -3.961806297 21.883487701 35.782981873 -0.022550998 -0.427195311 0.182877406 0.885184467
1679962794.373020 -4.003367424 21.932395935 35.886981964 -0.024666391 -0.409097999 0.186162040 0.892958105
1679962794.373069 -4.043848038 21.979854584 35.979423523 -0.026573382 -0.389367193 0.191322953 0.900601268
1679962794.373115 -4.077692032 22.025194168 36.067276001 -0.027647734 -0.369094372 0.195752963 0.908122122
1679962794.373163 -4.105693817 22.066270828 36.147190094 -0.030057335 -0.348240584 0.200219661 0.915279865
1679962794.373212 -4.130840302 22.108684540 36.217777252 -0.031751160 -0.326623678 0.205924764 0.921902359
1679962794.373260 -4.158382416 22.140321732 36.285190582 -0.033875581 -0.304493904 0.210359812 0.928377450
1679962794.373307 -4.182320595 22.173271179 36.345851898 -0.035934884 -0.282241583 0.214931741 0.934265912
1679962794.373382 -4.206052780 22.201587677 36.400199890 -0.038202319 -0.259741783 0.219799608 0.939554691
1679962794.373442 -4.222383022 22.230583191 36.446754456 -0.040466331 -0.237988129 0.224650174 0.944063842
1679962794.373491 -4.238864422 22.248123169 36.492309570 -0.043255854 -0.216702834 0.227874443 0.948283792
1679962794.373541 -4.256969929 22.265415192 36.527790070 -0.045572165 -0.195536256 0.231404647 0.951914251
1679962794.373588 -4.266805649 22.277566910 36.555999756 -0.048253246 -0.175744861 0.234514281 0.954876184
1679962794.373635 -4.275265217 22.292772293 36.576633453 -0.050611455 -0.156960323 0.237920508 0.957181156
1679962794.373691 -4.279889107 22.301471710 36.594524384 -0.051836435 -0.140638158 0.229096189 0.961794615
1679962794.373737 -4.282080650 22.304403305 36.604560852 -0.053604305 -0.125486091 0.220862553 0.965712011
1679962794.373785 -4.293942451 22.308235168 36.609451294 -0.055768833 -0.110675290 0.214544669 0.968819678
1679962794.373833 -4.283410072 22.312627792 36.610462189 -0.058118939 -0.098974347 0.208057761 0.971358955
1679962794.373880 -4.288224697 22.313270569 36.618602753 -0.060998958 -0.087539606 0.202611372 0.973429322
1679962794.373929 -4.288001537 22.318506241 36.624732971 -0.063413136 -0.077753596 0.197728738 0.975108445
1679962794.373976 -4.287741661 22.324447632 36.628345490 -0.066009142 -0.069005564 0.193614990 0.976419151
1679962794.374022 -4.290196419 22.328540802 36.637840271 -0.068721697 -0.061609749 0.190367490 0.977364719
1679962794.374070 -4.296391010 22.331237793 36.649166107 -0.071116939 -0.055199064 0.187033281 0.978219867
1679962794.374123 -4.302247524 22.340597153 36.655868530 -0.073196493 -0.049921133 0.185270503 0.978685379
1679962794.374172 -4.309255600 22.346334457 36.668277740 -0.075059421 -0.045812383 0.183810636 0.979020417
1679962794.374220 -4.303826332 22.356418610 36.678077698 -0.076610059 -0.043797873 0.181939453 0.979341984
1679962794.374279 -4.319197655 22.358051300 36.697639465 -0.077741764 -0.041588455 0.180957764 0.979530990
1679962794.374356 -4.323031425 22.366094589 36.710803986 -0.078731224 -0.041155487 0.180827513 0.979494274
1679962794.374440 -4.327545643 22.376323700 36.724998474 -0.078912564 -0.041693874 0.181189492 0.979390025
1679962794.374531 -4.335391521 22.379583359 36.740756989 -0.078932069 -0.043008171 0.182144478 0.979154527
1679962794.374622 -4.346037865 22.394989014 36.759971619 -0.078247145 -0.045744237 0.183063567 0.978913963
1679962794.374717 -4.344139576 22.412298203 36.776252747 -0.076547951 -0.050183795 0.184902310 0.978485167
1679962794.374818 -4.353487015 22.422719955 36.794860840 -0.074882120 -0.054707929 0.187155709 0.977943003
1679962794.374918 -4.360100269 22.431455612 36.816356659 -0.073088571 -0.060831986 0.188931912 0.977375209
1679962794.375100 -4.366470814 22.449783325 36.836990356 -0.069372997 -0.068625592 0.181071341 0.978616953
1679962794.375205 -4.385369301 22.465087891 36.860691071 -0.065194868 -0.076916799 0.172566667 0.979823589
1679962794.375294 -4.384626389 22.483282089 36.880924225 -0.060770858 -0.087171823 0.163266510 0.980842531
1679962794.375407 -4.390139103 22.501558304 36.901432037 -0.055936318 -0.098183423 0.153554186 0.981657922
1679962794.375462 -4.412017822 22.521125793 36.933197021 -0.050033748 -0.109301597 0.143831760 0.982273996
1679962794.375512 -4.427211761 22.539852142 36.960422516 -0.043652732 -0.121830530 0.134460419 0.982431769
1679962794.375558 -4.424113274 22.571052551 36.978073120 -0.036906987 -0.135967836 0.125514910 0.982037067
1679962794.375606 -4.441941261 22.585350037 37.009372711 -0.030366531 -0.150059626 0.115621909 0.981423259
1679962794.375659 -4.447653294 22.610351562 37.033557892 -0.022779765 -0.165459573 0.106008776 0.980237901
1679962794.375712 -4.461529732 22.630138397 37.062240601 -0.015890419 -0.181286618 0.097553529 0.978450775
1679962794.375763 -4.471961021 22.651954651 37.088722229 -0.008170824 -0.198094487 0.089458033 0.976057947
1679962794.375816 -4.481296539 22.672727585 37.116466522 -0.000272862 -0.215557605 0.082114428 0.973032415
1679962794.375865 -4.498435497 22.693553925 37.146732330 0.007427341 -0.233163103 0.076032005 0.969432354
1679962794.375913 -4.507997513 22.721925735 37.175006866 0.015611207 -0.251972109 0.071405679 0.964970291
1679962794.375960 -4.510236740 22.747116089 37.202873230 0.023485517 -0.271677852 0.066506110 0.959800303
1679962794.376010 -4.528605461 22.771877289 37.237876892 0.031632256 -0.291237414 0.063986659 0.953984261
1679962794.376060 -4.532416821 22.790740967 37.263183594 0.039015688 -0.312048107 0.062015899 0.947236955
1679962794.376108 -4.538855553 22.807266235 37.287113190 0.046351053 -0.332863241 0.061229579 0.939842880
1679962794.376155 -4.545386314 22.828630447 37.306507111 0.054088790 -0.354171723 0.063523717 0.931451321
1679962794.376203 -4.552713394 22.838132858 37.323410034 0.060804050 -0.375723928 0.067375362 0.922277033
1679962794.376257 -4.552888870 22.845529556 37.334548950 0.067455605 -0.398075134 0.071553178 0.912066936
1679962794.376360 -4.554622650 22.854003906 37.340824127 0.073887274 -0.419883013 0.078693978 0.901136100
1679962794.376451 -4.548806190 22.854497910 37.346359253 0.079581425 -0.442708343 0.086031497 0.888974011
1679962794.376533 -4.549375534 22.862827301 37.343360901 0.085748836 -0.464080125 0.097607061 0.876213253
1679962794.376620 -4.551622391 22.864307404 37.350700378 0.088213481 -0.486085296 0.113021679 0.862070560
1679962794.376717 -4.550928116 22.874176025 37.369014740 0.091159955 -0.508366048 0.127065420 0.846822381
1679962794.376801 -4.551242828 22.889411926 37.393234253 0.093910687 -0.529895663 0.140696615 0.831020951
1679962794.376889 -4.562065125 22.910511017 37.421607971 0.096733004 -0.549694300 0.156181276 0.814914942
1679962794.376987 -4.570077896 22.931867599 37.460994720 0.098876692 -0.569369793 0.169034541 0.798416436
1679962794.377076 -4.581237793 22.961353302 37.507575989 0.101428472 -0.588095903 0.183024973 0.781253695
1679962794.377144 -4.595966339 23.001895905 37.562042236 0.104728043 -0.605661511 0.196849778 0.763843119
1679962794.377204 -4.614524841 23.043804169 37.626914978 0.107476316 -0.622614026 0.209746942 0.746194959
1679962794.377274 -4.645450592 23.088706970 37.685417175 0.110844597 -0.636053562 0.223913044 0.730076969
1679962794.377334 -4.659328461 23.139190674 37.766231537 0.113414139 -0.651767492 0.233718887 0.712539077
1679962794.377385 -4.689983368 23.184106827 37.829757690 0.114180274 -0.662476361 0.246090665 0.698231578
1679962794.377439 -4.717014313 23.237752914 37.913101196 0.116255045 -0.674178660 0.256050825 0.682939231
1679962794.377492 -4.749004364 23.298252106 37.996322632 0.118840963 -0.683712423 0.265815109 0.669146180
1679962794.377540 -4.779163361 23.355571747 38.089439392 0.119860739 -0.693106949 0.273716986 0.655984223
1679962794.377593 -4.815982819 23.417673111 38.181297302 0.121571951 -0.700084388 0.281020105 0.645081282
1679962794.377639 -4.852817535 23.487138748 38.279472351 0.122603498 -0.705923378 0.287778258 0.635471702
1679962794.377687 -4.890834808 23.550605774 38.384849548 0.121148750 -0.711558044 0.293374687 0.626848876
1679962794.377736 -4.932922363 23.625303268 38.496498108 0.120033368 -0.716084301 0.298982501 0.619212985
1679962794.377785 -4.971805573 23.695768356 38.619556427 0.118284181 -0.720506251 0.301291108 0.613272667
1679962794.377836 -5.024787903 23.777694702 38.729614258 0.116982169 -0.721226633 0.306640804 0.610015452
1679962794.377882 -5.074810028 23.849309921 38.857082367 0.114704080 -0.723028898 0.308060914 0.607594252
1679962794.377931 -5.125110626 23.935752869 38.990188599 0.113183454 -0.723627985 0.309693575 0.606334865
1679962794.377979 -5.171691895 24.003696442 39.128990173 0.108119622 -0.723901272 0.308735400 0.607420385
1679962794.378028 -5.230117798 24.087182999 39.271842957 0.106033094 -0.723101795 0.308670014 0.608772218
1679962794.378083 -5.292388916 24.169677734 39.417053223 0.103426926 -0.721379817 0.308416337 0.611386538
1679962794.378135 -5.353832245 24.252700806 39.572341919 0.100682423 -0.719350874 0.306840032 0.615017593
1679962794.378186 -5.424289703 24.342538834 39.716720581 0.097799979 -0.714910030 0.307536185 0.620290518
1679962794.378270 -5.490009308 24.423746109 39.879348755 0.094298713 -0.711312473 0.305168450 0.626110673
1679962794.378365 -5.567115784 24.504396439 40.054470062 0.091033533 -0.708860278 0.302572697 0.630618572
1679962794.378453 -5.643569946 24.589965820 40.230468750 0.087870978 -0.704945087 0.299929500 0.636689425
1679962794.378562 -5.729526520 24.684463501 40.408973694 0.086394712 -0.700116456 0.298878133 0.642685592
1679962794.378664 -5.816009521 24.770847321 40.594406128 0.083634898 -0.695488691 0.296682954 0.649060786
1679962794.378762 -5.906536102 24.867441177 40.784046173 0.082387410 -0.689769447 0.295535147 0.655812144
1679962794.378862 -5.996631622 24.961641312 40.981922150 0.080225624 -0.684629321 0.293597609 0.662304342
1679962794.378962 -6.091064453 25.057939529 41.166996002 0.078173228 -0.676173925 0.293768585 0.671101928
1679962794.379102 -6.179569244 25.151960373 41.381130219 0.075662248 -0.671550333 0.291712284 0.676904202
1679962794.379230 -6.273727417 25.254676819 41.588832855 0.072920948 -0.665687978 0.290662378 0.683416069
1679962794.379339 -6.357662201 25.356716156 41.806076050 0.069378965 -0.660820901 0.288121372 0.689556718
1679962794.379445 -6.451839447 25.476013184 42.020515442 0.067251511 -0.653923213 0.289562374 0.695712090
1679962794.379549 -6.526157379 25.609418869 42.241500854 0.064491786 -0.648791254 0.288920760 0.701024711
1679962794.379643 -6.600681305 25.761339188 42.464183807 0.062691934 -0.644356310 0.287927181 0.705671787
1679962794.379748 -6.686801910 25.922327042 42.678962708 0.059752602 -0.639005184 0.288971782 0.710350215
1679962794.379824 -6.781684875 26.089767456 42.904090881 0.056530535 -0.638071835 0.287269622 0.712141097
1679962794.379886 -6.940074921 26.214328766 43.085006714 0.038168479 -0.634986758 0.299039871 0.711273670
1679962794.379886 -6.940074921 26.214328766 43.085006714 0.038168479 -0.634986758 0.299039871 0.711273670
1679962794.379886 -6.940074921 26.214328766 43.085006714 0.038168479 -0.634986758 0.299039871 0.711273670
1679962794.379886 -6.940074921 26.214328766 43.085006714 0.038168479 -0.634986758 0.299039871 0.711273670
1679962794.379886 -6.940074921 26.214328766 43.085006714 0.038168479 -0.634986758 0.299039871 0.711273670
1679962794.379886 -6.940074921 26.214328766 43.085006714 0.038168479 -0.634986758 0.299039871 0.711273670
1679962794.379886 -6.940074921 26.214328766 43.085006714 0.038168479 -0.634986758 0.299039871 0.711273670
1679962794.379886 -6.940074921 26.214328766 43.085006714 0.038168479 -0.634986758 0.299039871 0.711273670
1679962794.379886 -6.940074921 26.214328766 43.085006714 0.038168479 -0.634986758 0.299039871 0.711273670
1679962794.379886 -6.940074921 26.214328766 43.085006714 0.038168479 -0.634986758 0.299039871 0.711273670
1679962794.379886 -6.940074921 26.214328766 43.085006714 0.038168479 -0.634986758 0.299039871 0.711273670
1679962794.379886 -6.940074921 26.214328766 43.085006714 0.038168479 -0.634986758 0.299039871 0.711273670
1679962794.379886 -6.940074921 26.214328766 43.085006714 0.038168479 -0.634986758 0.299039871 0.711273670
1679962794.379886 -6.940074921 26.214328766 43.085006714 0.038168479 -0.634986758 0.299039871 0.711273670
1679962794.379886 -6.940074921 26.214328766 43.085006714 0.038168479 -0.634986758 0.299039871 0.711273670
1679962794.379886 -6.940074921 26.214328766 43.085006714 0.038168479 -0.634986758 0.299039871 0.711273670
1679962794.379886 -6.940074921 26.214328766 43.085006714 0.038168479 -0.634986758 0.299039871 0.711273670
1679962794.379886 -6.940074921 26.214328766 43.085006714 0.038168479 -0.634986758 0.299039871 0.711273670
1679962794.379886 -6.940074921 26.214328766 43.085006714 0.038168479 -0.634986758 0.299039871 0.711273670
1679962794.379886 -6.940074921 26.214328766 43.085006714 0.038168479 -0.634986758 0.299039871 0.711273670
1679962794.379886 -6.940074921 26.214328766 43.085006714 0.038168479 -0.634986758 0.299039871 0.711273670
1679962794.379886 -6.940074921 26.214328766 43.085006714 0.038168479 -0.634986758 0.299039871 0.711273670
1679962794.379886 -6.940074921 26.214328766 43.085006714 0.038168479 -0.634986758 0.299039871 0.711273670
1679962794.379886 -6.940074921 26.214328766 43.085006714 0.038168479 -0.634986758 0.299039871 0.711273670
