1679962794.350636 0.000000000 0.000000000 0.000000000 -0.000000000 -0.000000000 -0.000000000 1.000000000
1679962794.351502 1.171296239 0.181798443 0.729586542 0.015399056 -0.062603936 0.022244859 0.997671723
1679962794.351600 1.355676532 0.212810576 0.850182712 0.015089159 -0.072170712 0.024251753 0.996983230
1679962794.352021 2.057920694 0.346183598 1.317085028 0.015643865 -0.106637634 0.030682646 0.993701279
1679962794.352963 2.894916058 0.499739677 1.825651050 0.017660603 -0.143140763 0.036032770 0.988888502
1679962794.353982 3.870004416 0.640450418 2.320594549 0.020090135 -0.181278422 0.040783975 0.982380390
1679962794.354869 5.123855114 0.778323293 2.811510563 0.017960547 -0.219938383 0.045177002 0.974301577
1679962794.356026 6.698834896 0.915521085 3.208081007 0.024962638 -0.233931616 0.044886984 0.970895469
1679962794.356663 7.955562115 1.078725576 3.630026817 0.024172470 -0.197367102 0.028013542 0.979631126
1679962794.357187 8.611232758 1.189070225 3.870666265 0.020088961 -0.154278666 0.011382699 0.987757564
1679962794.357488 9.105654716 1.266213536 4.043763161 0.016085373 -0.119801775 -0.002337935 0.992664754
1679962794.357596 9.258152008 1.279599667 4.102807045 0.014411162 -0.108626097 -0.007118316 0.993952751
1679962794.357963 9.695349693 1.420447707 4.299699783 0.011481464 -0.079667114 -0.020021206 0.996554315
1679962794.358248 10.072453499 1.610855341 4.518939495 0.010416905 -0.060507625 -0.030282328 0.997653902
1679962794.358804 10.573484421 1.987750888 4.920108795 0.015624584 -0.065735333 -0.037820134 0.996997714
1679962794.359125 10.543067932 2.456562757 5.243875504 0.022170911 -0.108013302 -0.033505481 0.993337274
1679962794.359280 10.439101219 2.797632694 5.451072693 0.026928358 -0.152845874 -0.025192974 0.987561822
1679962794.359440 10.325961113 3.145269156 5.658710003 0.033656951 -0.200939327 -0.013452062 0.978932917
1679962794.359652 10.170035362 3.606181383 5.939349174 0.041631106 -0.257276744 0.007438717 0.965411961
1679962794.360141 9.762863159 4.632500172 6.604959488 0.017285036 -0.281674564 0.063045762 0.957280517
1679962794.360440 9.417005539 5.271261692 7.171035767 -0.038735893 -0.212634251 0.097284906 0.971504927
1679962794.360766 9.121513367 5.686579227 7.730965614 -0.105580650 -0.112492301 0.127319977 0.979789674
1679962794.361217 8.923948288 5.972480774 8.163605690 -0.184729502 0.009125523 0.160116285 0.969615698
1679962794.362550 8.533095360 6.564593792 8.955666542 -0.062148303 -0.105052769 0.031999491 0.992006838
1679962794.363110 8.234691620 7.014914036 9.596765518 0.047404427 -0.204709917 -0.072662674 0.974970162
1679962794.363658 7.813456059 7.568770409 10.498989105 0.052820865 -0.240050584 -0.051002726 0.967979550
1679962794.364601 7.592630863 7.826260567 10.964133263 -0.080990471 -0.065114148 -0.075088263 0.991747200
1679962794.364943 7.419507027 8.023047447 11.362388611 -0.226776958 0.071543805 0.015068846 0.971198559
1679962794.365274 7.154359341 8.339174271 11.947503090 -0.328579605 0.142761335 0.105515227 0.927642822
1679962794.365749 6.710098267 8.846390724 12.834295273 -0.322996795 0.026081813 0.152146488 0.933726013
1679962794.366138 6.362539291 9.247709274 13.522355080 -0.249103993 -0.118668772 0.192543045 0.941696405
1679962794.366451 6.105010033 9.559031487 14.021112442 -0.191469327 -0.218028575 0.201715991 0.935475171
1679962794.366896 5.894106865 9.818891525 14.430553436 -0.152279332 -0.279293239 0.203372791 0.925983667
1679962794.367644 5.225193024 10.686064720 15.832710266 -0.086077504 -0.366806686 0.208786637 0.902469814
1679962794.368078 4.800558090 11.223648071 16.706857681 -0.070112489 -0.371748865 0.208915159 0.901799023
1679962794.368313 4.524348736 11.565313339 17.276941299 -0.061948568 -0.366598666 0.205630645 0.905253470
1679962794.368566 4.140451908 12.056523323 18.068677902 -0.047361448 -0.355414629 0.196151882 0.912667394
1679962794.368845 3.560113430 12.785984039 19.243661880 -0.015147816 -0.340906173 0.168994769 0.924659014
1679962794.369081 3.098661423 13.322305679 20.128427505 0.013482802 -0.343098849 0.141082436 0.928545713
1679962794.369325 2.702024460 13.854272842 21.038871765 0.036326896 -0.373509765 0.113986924 0.919879258
1679962794.369642 2.146425247 14.550943375 22.244113922 0.045270726 -0.457177818 0.090510644 0.883598804
1679962794.369878 1.727807045 15.027107239 23.170116425 0.034932517 -0.533464372 0.085878611 0.840726137
1679962794.369984 1.521715164 15.283090591 23.661457062 0.023349099 -0.571778774 0.091227852 0.814985514
1679962794.370033 1.414131165 15.424160957 23.902482986 0.018351298 -0.589622796 0.093275592 0.802064776
1679962794.370084 1.308412552 15.552515984 24.147890091 0.013374154 -0.606880307 0.094333746 0.789061844
1679962794.370173 1.091760635 15.821004868 24.621513367 0.005348355 -0.637351751 0.095687822 0.764590085
1679962794.370215 0.983661652 15.949962616 24.859411240 0.002004727 -0.650602520 0.095684111 0.753363729
1679962794.370353 0.656446457 16.339326859 25.562593460 -0.004138594 -0.680126607 0.095965162 0.726774693
1679962794.370561 0.334974289 16.722709656 26.268051147 -0.004556607 -0.691861033 0.097876824 0.715351462
1679962794.370724 0.012374878 17.099460602 26.972761154 -0.010702769 -0.682833314 0.113359280 0.721646607
1679962794.370833 -0.210140228 17.349723816 27.425662994 -0.012948704 -0.666407347 0.125457153 0.734842896
1679962794.370882 -0.314363480 17.472669601 27.661434174 -0.013852239 -0.656173944 0.131901547 0.742863297
1679962794.370985 -0.536043167 17.732172012 28.117588043 -0.014492908 -0.631097138 0.145296469 0.761836767
1679962794.371146 -0.753057480 17.979866028 28.553068161 -0.014382695 -0.601790965 0.157852829 0.782766342
1679962794.371283 -1.072101593 18.359973907 29.247985840 -0.013110898 -0.555964470 0.175158024 0.812435389
1679962794.371516 -1.513320923 18.847261429 30.186283112 -0.011738768 -0.499401420 0.191840842 0.844782591
1679962794.371752 -2.062278748 19.488800049 31.379873276 -0.009465883 -0.463364094 0.197644576 0.863794386
1679962794.372121 -2.867317200 20.477783203 33.191074371 -0.008941554 -0.489902943 0.179462984 0.853058159
1679962794.372547 -3.476484299 21.265478134 34.623001099 -0.012990998 -0.518710375 0.161109596 0.839532316
1679962794.372826 -3.823579788 21.709957123 35.449821472 -0.018322047 -0.474190801 0.170450300 0.863570571
1679962794.373020 -4.003366470 21.932397842 35.886974335 -0.024666391 -0.409097999 0.186162040 0.892958105
1679962794.373260 -4.158384323 22.140321732 36.285186768 -0.033875581 -0.304493904 0.210359812 0.928377450
1679962794.373588 -4.266805172 22.277566910 36.555995941 -0.048253246 -0.175744861 0.234514281 0.954876184
1679962794.373833 -4.283411026 22.312627792 36.610462189 -0.058118939 -0.098974347 0.208057761 0.971358955
1679962794.375816 -4.481296062 22.672727585 37.116466522 -0.000272862 -0.215557605 0.082114428 0.973032415
1679962794.376257 -4.552890778 22.845529556 37.334552765 0.067455605 -0.398075134 0.071553178 0.912066936
1679962794.376801 -4.551246643 22.889411926 37.393234253 0.093910687 -0.529895663 0.140696615 0.831020951
1679962794.377385 -4.689983368 23.184104919 37.829761505 0.114180274 -0.662476361 0.246090665 0.698231578
1679962794.377979 -5.171699524 24.003694534 39.128990173 0.108119622 -0.723901272 0.308735400 0.607420385
1679962794.378365 -5.567108154 24.504396439 40.054462433 0.091033533 -0.708860278 0.302572697 0.630618572
1679962794.378762 -5.906532288 24.867444992 40.784053802 0.082387410 -0.689769447 0.295535147 0.655812144
1679962794.379102 -6.179573059 25.151966095 41.381130219 0.075662248 -0.671550333 0.291712284 0.676904202
1679962794.379445 -6.451831818 25.476009369 42.020515442 0.067251511 -0.653923213 0.289562374 0.695712090
1679962794.379824 -6.781684875 26.089767456 42.904087067 0.056530535 -0.638071835 0.287269622 0.712141097
