1679962794.350636 0.000000000 0.000000000 0.000000000 -0.000000000 -0.000000000 -0.000000000 1.000000000
1679962794.351502 1.168662906 0.183847696 0.728690386 0.015658241 -0.062279858 0.022295469 0.997686803
1679962794.351600 1.354762077 0.213050783 0.849919140 0.015088188 -0.072064243 0.024315612 0.996989429
1679962794.352021 2.057472229 0.344005674 1.317216992 0.015367400 -0.106617063 0.030511884 0.993713081
1679962794.352963 2.894648552 0.499822736 1.824210286 0.017630123 -0.143005699 0.036078814 0.988906920
1679962794.353982 3.865558147 0.648326695 2.316998482 0.020710157 -0.180585518 0.041431401 0.982468009
1679962794.354869 5.119087219 0.785284996 2.806191444 0.018359112 -0.219400123 0.045702469 0.974390984
1679962794.356026 6.693534851 0.911081791 3.201105356 0.024692159 -0.233575553 0.044665448 0.970998347
1679962794.356663 7.943330765 1.074649692 3.618310213 0.024041152 -0.196662024 0.027629215 0.979787052
1679962794.357187 8.604756355 1.179207444 3.861334562 0.019716103 -0.153774410 0.010910281 0.987848997
1679962794.357488 9.109918594 1.256170630 4.036608696 0.015717942 -0.119622968 -0.002702288 0.992691338
1679962794.357596 9.252854347 1.269589186 4.095325947 0.014004128 -0.108144112 -0.007662972 0.994007051
1679962794.357963 9.690670967 1.417739868 4.290256500 0.011436696 -0.079152368 -0.020428080 0.996587574
1679962794.358152 9.951395988 1.537824869 4.434917450 0.010248934 -0.065147072 -0.027760297 0.997436821
1679962794.358442 10.304524422 1.730746269 4.659245491 0.010913072 -0.055749144 -0.035730164 0.997745633
1679962794.358972 10.579152107 2.207611799 5.084403515 0.019188108 -0.082681298 -0.037159290 0.995698214
1679962794.359176 10.502428055 2.552598000 5.308049679 0.022867823 -0.121624433 -0.031870551 0.991800785
1679962794.359280 10.437528610 2.788375378 5.446214676 0.026549269 -0.152479008 -0.025824329 0.987612486
1679962794.359488 10.292325020 3.256459475 5.720885277 0.035723716 -0.216148019 -0.009378796 0.975661755
1679962794.359734 10.131544113 3.716827631 6.004663944 0.042465158 -0.267940730 0.012908148 0.962412536
1679962794.360247 9.650567055 4.853284359 6.761599541 0.000749409 -0.263711154 0.074369334 0.961730301
1679962794.360537 9.301740646 5.421680927 7.363580704 -0.061442390 -0.179998726 0.107216388 0.975873947
1679962794.360917 9.023062706 5.817133904 7.925174713 -0.136569008 -0.062817618 0.139251187 0.978780866
1679962794.362435 8.592042923 6.463778973 8.830212593 -0.090302654 -0.078142889 0.056189429 0.991252661
1679962794.363010 8.278615952 6.949203968 9.506530762 0.037222322 -0.196053728 -0.062886164 0.977866471
1679962794.363511 7.892886639 7.458878517 10.313036919 0.052552383 -0.243148431 -0.049022332 0.967323124
1679962794.364386 7.640544891 7.788569927 10.868843079 -0.006724731 -0.138147771 -0.113153324 0.983903587
1679962794.364748 7.543288231 7.883336544 11.087919235 -0.144664556 -0.003636707 -0.039517883 0.988684654
1679962794.365035 7.358225346 8.099245071 11.508653641 -0.263437092 0.103131726 0.042182606 0.958219886
1679962794.365321 7.121397018 8.381938934 12.028972626 -0.336964607 0.143538758 0.116819024 0.923149407
1679962794.365749 6.720380783 8.837685585 12.823540688 -0.323933184 0.027294386 0.152507216 0.933308005
1679962794.366138 6.374132156 9.241911888 13.514076233 -0.250041664 -0.117487296 0.192850992 0.941533029
1679962794.366451 6.112287998 9.552389145 14.018763542 -0.192530796 -0.216255680 0.202288836 0.935545087
1679962794.366896 5.904834747 9.810062408 14.438839912 -0.153764680 -0.277919918 0.203883111 0.926039219
1679962794.367595 5.309229851 10.577376366 15.684112549 -0.091714740 -0.361521602 0.208356649 0.904144943
1679962794.367999 4.888013840 11.126792908 16.553020477 -0.074294157 -0.370911896 0.210289478 0.901489377
1679962794.368212 4.611253738 11.468931198 17.105306625 -0.066142589 -0.367018342 0.208246812 0.904188037
1679962794.368313 4.517984867 11.586504936 17.293132782 -0.063183010 -0.364786536 0.206906885 0.905609369
1679962794.368385 4.426733494 11.702647209 17.486557007 -0.060228284 -0.362359941 0.205030963 0.907210112
1679962794.368661 3.937718868 12.322717667 18.494129181 -0.039238453 -0.347784698 0.189622939 0.917360008
1679962794.368942 3.367819786 13.042596817 19.651081085 -0.004961685 -0.338016421 0.159319907 0.927543759
1679962794.369224 2.860733032 13.665647507 20.697067261 0.027030058 -0.355831623 0.125227123 0.925727546
1679962794.369547 2.320810795 14.315607071 21.832128525 0.043050956 -0.421294361 0.097408041 0.900649428
1679962794.369833 1.838052750 14.954211235 22.972370148 0.039350104 -0.512629867 0.084344573 0.853550375
1679962794.369984 1.510803223 15.356657028 23.690385818 0.022651281 -0.569955111 0.093366869 0.816039681
1679962794.370033 1.402002335 15.491064072 23.931068420 0.017540487 -0.587953627 0.095154747 0.803086877
1679962794.370130 1.183101654 15.765613556 24.404216766 0.008608743 -0.620758295 0.097592011 0.777856648
1679962794.370173 1.081846237 15.892477036 24.641485214 0.004724271 -0.635450423 0.097918831 0.765893161
1679962794.370260 0.867429733 16.150205612 25.116287231 -0.001124948 -0.660386741 0.097905666 0.744514942
1679962794.370502 0.440101624 16.671661377 26.071723938 -0.005542073 -0.688745379 0.099310122 0.718148053
1679962794.370673 0.119684219 17.043256760 26.784355164 -0.009698738 -0.686839342 0.109495677 0.718448639
1679962794.370777 -0.105005264 17.302064896 27.244760513 -0.012553195 -0.674184442 0.121184222 0.728444993
1679962794.370833 -0.214653015 17.429069519 27.472568512 -0.013440022 -0.665216029 0.127360597 0.735585690
1679962794.370931 -0.437749863 17.689468384 27.916088104 -0.014481141 -0.642300427 0.140650019 0.753298104
1679962794.370985 -0.549934387 17.816814423 28.151218414 -0.014842294 -0.629420519 0.147093669 0.762871623
1679962794.371146 -0.759939194 18.056985855 28.591529846 -0.015249636 -0.600243807 0.159679741 0.783566952
1679962794.371283 -1.076877594 18.436346054 29.285562515 -0.014223015 -0.554200470 0.176944911 0.813234329
1679962794.371570 -1.618703842 19.069517136 30.470590591 -0.011752735 -0.487102151 0.196032405 0.850978673
1679962794.371798 -2.166942596 19.715946198 31.685161591 -0.010409626 -0.461733729 0.198864371 0.864376426
1679962794.372121 -2.864189148 20.588151932 33.241085052 -0.009301437 -0.488638103 0.181888536 0.853266060
1679962794.372547 -3.472839355 21.381473541 34.678249359 -0.013019562 -0.517770708 0.163560495 0.839637995
1679962794.372826 -3.819067001 21.827033997 35.505363464 -0.018617935 -0.473105848 0.172755525 0.863701224
1679962794.373020 -3.997457504 22.052684784 35.940608978 -0.024669450 -0.407951653 0.188616037 0.892967463
1679962794.373260 -4.149987221 22.259830475 36.338077545 -0.034357268 -0.303441405 0.212429285 0.928233087
1679962794.373588 -4.256968498 22.397932053 36.607925415 -0.048967034 -0.174751669 0.236560002 0.954517365
1679962794.373833 -4.273023129 22.433536530 36.660446167 -0.059089877 -0.098015606 0.210080639 0.970962107
1679962794.375816 -4.476457596 22.793951035 37.168823242 -0.001030963 -0.214373291 0.084314741 0.973105371
1679962794.376257 -4.543741226 22.968162537 37.386070251 0.067183785 -0.397103399 0.073765479 0.912334323
1679962794.376801 -4.540395737 23.011951447 37.443862915 0.093916155 -0.528912783 0.142850906 0.831278920
1679962794.377334 -4.650905609 23.265645981 37.818706512 0.114450909 -0.651111364 0.236503750 0.712054074
1679962794.377931 -5.105754852 24.051103592 39.045242310 0.111906171 -0.723329365 0.309210449 0.607174277
1679962794.378270 -5.485080719 24.547796249 39.963325500 0.097402856 -0.714824259 0.303364187 0.622502327
1679962794.378664 -5.806529999 24.890325546 40.667007446 0.085594155 -0.696916997 0.295436621 0.647840679
1679962794.379102 -6.183269501 25.273437500 41.460060120 0.079562381 -0.674076140 0.292152286 0.673749387
1679962794.379445 -6.464244843 25.596248627 42.105842590 0.072499685 -0.657189429 0.290194750 0.691832960
1679962794.379748 -6.713367462 26.037258148 42.768249512 0.066032641 -0.642570913 0.290380239 0.705989897
1679962794.379941 -7.090229034 26.377328873 42.863662720 0.068495311 -0.627903461 0.304392129 0.713015437
1679962794.379997 -7.225162506 26.399684906 42.808151245 0.069116756 -0.622779310 0.312677294 0.713863969
1679962794.380054 -7.369266510 26.433868408 42.765106201 0.075303972 -0.617741704 0.321574569 0.713662565
1679962794.380119 -7.459171295 26.473371506 42.761123657 0.078632228 -0.621592462 0.317341298 0.711852729
1679962794.380178 -7.528732300 26.500144958 42.752441406 0.078171618 -0.627208948 0.311570942 0.709522247
