1680706116.9564116 0.0 0.0 0.0 0.0 0.0 0.0 1.0
1680706116.956422 -0.003125566 0.008788207 0.029652117 0.010022983 0.017378462 -0.001437285 0.999797702
1680706116.956428 -0.003818012 0.019848956 0.06553442 0.018813603 0.033813674 -0.004306267 0.999241769
1680706116.9564338 -0.004099482 0.031043733 0.10091535 0.019830657 0.050915524 -0.008005029 0.998473942
1680706116.9564388 -0.005479847 0.041640028 0.128204972 0.021510616 0.070342883 -0.013523581 0.997199237
1680706116.9564438 -0.002263377 0.051217165 0.159028307 0.021919195 0.08819785 -0.018564243 0.995688736
1680706116.9564488 -0.002632047 0.062727012 0.191665992 0.02273478 0.108723976 -0.025599897 0.993482172
1680706116.9564538 -0.005868 0.072430804 0.2219183 0.024976104 0.130160451 -0.037123874 0.990482867
1680706116.956459 -0.00085283 0.084767699 0.256176561 0.026583377 0.150081322 -0.045102466 0.987286508
1680706116.9564638 0.006547955 0.092390515 0.286126137 0.026984274 0.170606419 -0.051497564 0.983622491
1680706116.956469 0.013187115 0.101872914 0.315195501 0.028718021 0.191142514 -0.058228798 0.979412675
1680706116.9564738 0.024016736 0.114714034 0.34478581 0.031333111 0.211446226 -0.067720354 0.974537134
1680706116.9564788 0.033064876 0.127429023 0.370864898 0.034666639 0.232698217 -0.078446098 0.968760014
1680706116.9564836 0.039765999 0.133024156 0.388815075 0.035835646 0.253897101 -0.090574853 0.96231401
1680706116.9564886 0.044577219 0.141148344 0.406265557 0.037658453 0.275198817 -0.101485126 0.955273926
1680706116.9564936 0.056194495 0.151586026 0.42952013 0.03934066 0.295706749 -0.1128003 0.947779477
1680706116.9564984 0.063026309 0.160246104 0.450011104 0.041019209 0.316777974 -0.127382681 0.939011574
1680706116.9565077 0.070864365 0.169279307 0.467223555 0.0426085 0.33759281 -0.14043583 0.929781377
1680706116.9565127 0.075640775 0.174922734 0.481817007 0.043865558 0.35718739 -0.150294349 0.920817316
1680706116.956518 0.08783488 0.182364568 0.500757575 0.045835048 0.374501884 -0.161133766 0.911966741
1680706116.9565227 0.091917083 0.187881708 0.512762904 0.047791824 0.392674625 -0.172779128 0.902036548
1680706116.9565277 0.092887908 0.195244014 0.520127416 0.051000454 0.409324378 -0.185882688 0.891795993
1680706116.9565325 0.097365923 0.203634009 0.526631296 0.055281397 0.424759001 -0.195655212 0.882180691
1680706116.9565372 0.114998206 0.205990821 0.539630055 0.056940991 0.438461632 -0.193969935 0.875719607
1680706116.9565423 0.139290035 0.211430952 0.551587164 0.060158983 0.450366229 -0.189931601 0.870331645
1680706116.956547 0.153128535 0.216405526 0.559481144 0.063508451 0.462936908 -0.187039286 0.864102066
1680706116.956552 0.162550703 0.217886835 0.568534493 0.065120727 0.47611478 -0.186652243 0.856875122
1680706116.9565568 0.164695546 0.217742398 0.569099665 0.064941034 0.488553852 -0.188262165 0.849502861
1680706116.9565618 0.164076999 0.218913183 0.567576468 0.062878691 0.499000937 -0.194399878 0.842171609
1680706116.9565668 0.169139028 0.219940469 0.570884585 0.063631848 0.511201978 -0.196678832 0.834230781
1680706116.9565716 0.165673375 0.218917981 0.569605589 0.062292848 0.523105741 -0.20155105 0.825746417
1680706116.9565766 0.168280423 0.219081104 0.570825875 0.059249677 0.532815337 -0.21048227 0.817492783
1680706116.9565814 0.165193096 0.220652789 0.569066882 0.05652386 0.54160589 -0.223800346 0.808320224
1680706116.9565861 0.173945844 0.221033901 0.572439134 0.059579484 0.5519557 -0.224426031 0.800892115
1680706116.9565911 0.185103372 0.22376819 0.578534186 0.061965004 0.562431991 -0.227904513 0.792395175
1680706116.956596 0.194801465 0.22656703 0.581700265 0.067558624 0.572803736 -0.229251415 0.784076154
1680706116.956601 0.206493601 0.227653891 0.586698711 0.070009969 0.583414793 -0.22978799 0.775837183
1680706116.9566054 0.221646145 0.228297979 0.591763914 0.075815372 0.5943591 -0.227419615 0.767638981
1680706116.956611 0.237891749 0.227900028 0.599217534 0.080586575 0.606385052 -0.221429035 0.759455144
1680706116.9566157 0.253536105 0.227638543 0.605755448 0.084191941 0.619398415 -0.216781572 0.749841988
1680706116.9566205 0.264965147 0.227815688 0.612270951 0.084629677 0.633979023 -0.21794416 0.73716265
1680706116.9566252 0.274362952 0.229797006 0.619801998 0.083470292 0.649943054 -0.22212407 0.721988678
1680706116.9566312 0.279255033 0.231837839 0.626309037 0.082680039 0.667205453 -0.226144359 0.704882681
1680706116.9566362 0.28824386 0.23111707 0.627096653 0.083485976 0.681143165 -0.225197494 0.691635847
1680706116.9566407 0.29174462 0.231393993 0.631536722 0.083224863 0.695596457 -0.225118503 0.677156389
1680706116.9566457 0.291852325 0.231474832 0.633333445 0.081905164 0.70960921 -0.226221129 0.662246406
1680706116.9566505 0.296728969 0.231046498 0.632371426 0.081398085 0.723544121 -0.225988135 0.647138
1680706116.9566553 0.297336876 0.231340885 0.632637262 0.080962002 0.736597538 -0.225886211 0.632332683
1680706116.9566603 0.298844308 0.231205791 0.633307993 0.079448909 0.750042796 -0.22587949 0.61652416
1680706116.9566653 0.300460398 0.23113507 0.634287119 0.078424789 0.763517022 -0.225681573 0.59996593
1680706116.95667 0.305564642 0.230723321 0.633999884 0.077428989 0.777042687 -0.225022718 0.582729995
1680706116.9566748 0.306847662 0.230955482 0.633940995 0.07625436 0.789075434 -0.224772587 0.566588521
1680706116.9566793 0.311391026 0.231264427 0.632086635 0.07553234 0.800450504 -0.224415228 0.550646544
1680706116.9566844 0.31244126 0.230367571 0.631323278 0.073757447 0.810855985 -0.223448798 0.53585732
1680706116.956689 0.315151453 0.230174989 0.628908813 0.072271869 0.81988132 -0.222274765 0.522652268
1680706116.9566936 0.319012403 0.229961067 0.625214159 0.069812581 0.827982068 -0.221207708 0.510528147
1680706116.9566987 0.320521563 0.229749456 0.623353243 0.067599773 0.834849596 -0.220075428 0.500023246
1680706116.9567034 0.323052168 0.229833215 0.620790482 0.065667473 0.841010749 -0.219261244 0.490217477
1680706116.9567082 0.325595319 0.229736164 0.616779864 0.063292421 0.845534921 -0.218845606 0.482878238
1680706116.956713 0.326993406 0.229909658 0.614584148 0.061090384 0.849036634 -0.218955114 0.476931274
1680706116.9567177 0.328313291 0.229477867 0.611775398 0.059457578 0.851249814 -0.218471363 0.473401278
1680706116.9567225 0.329597265 0.228732556 0.608241379 0.05591375 0.852013826 -0.218523741 0.472433507
1680706116.956728 0.333491385 0.229036376 0.604606926 0.053272489 0.851911783 -0.219476238 0.472481251
1680706116.956733 0.336705923 0.228594676 0.600998461 0.050938405 0.849903345 -0.219965219 0.476114333
1680706116.9567378 0.341208935 0.228744507 0.59621191 0.047717694 0.845885575 -0.220552891 0.483277321
1680706116.9567423 0.345782816 0.228776902 0.590475738 0.044050436 0.840232968 -0.22034499 0.493473589
1680706116.9567473 0.350562423 0.228761286 0.586064517 0.03948326 0.833856821 -0.218949497 0.505158246
1680706116.9567535 0.35433358 0.229104206 0.582346261 0.035625502 0.826102018 -0.217865229 0.518479466
1680706116.9567583 0.358342141 0.228346363 0.578770459 0.032167494 0.81767416 -0.216041952 0.532635033
1680706116.956763 0.360278249 0.228042096 0.579426765 0.028786242 0.809449375 -0.213868186 0.546098411
1680706116.9567678 0.365348339 0.22782369 0.574062228 0.026155833 0.798688829 -0.212235108 0.562466323
1680706116.9567726 0.369199187 0.228284329 0.573096871 0.022642702 0.788514435 -0.211183846 0.577177346
1680706116.9567776 0.372575611 0.228244931 0.572145462 0.020893974 0.779008687 -0.208442032 0.590982854
1680706116.9567823 0.376995802 0.228276268 0.569005609 0.019038117 0.767480969 -0.206242397 0.60669148
1680706116.956787 0.381412029 0.228075251 0.566183865 0.017897513 0.756531596 -0.203201279 0.621328235
1680706116.956792 0.385759234 0.22823976 0.563782573 0.018216051 0.746017575 -0.199537814 0.635067403
1680706116.9567971 0.390980721 0.228704691 0.560774446 0.018421106 0.736036837 -0.196235076 0.647612751
1680706116.9568021 0.393601984 0.22925733 0.560430169 0.019851528 0.727461576 -0.191706136 0.658524334
1680706116.956807 0.399460018 0.229430452 0.558660746 0.019560168 0.719644964 -0.187077746 0.668378949
1680706116.9568117 0.403821409 0.230659083 0.557069302 0.020362074 0.713166416 -0.182245299 0.676583767
1680706116.9568167 0.406468481 0.230494425 0.557245195 0.02177383 0.709414661 -0.174968004 0.682380319
1680706116.9568703 0.408709198 0.23131907 0.558333635 0.025133414 0.707443476 -0.1676808 0.686130583
1680706116.9568758 0.4120031 0.23254624 0.560019016 0.025844183 0.707618237 -0.160870135 0.687553048
1680706116.9568806 0.418274432 0.234311104 0.558071613 0.026043823 0.70898509 -0.15217033 0.688117743
1680706116.9568856 0.41878745 0.232678041 0.561525106 0.029595312 0.714979768 -0.135541141 0.685241997
1680706116.9568903 0.419665903 0.233443111 0.564400494 0.030797254 0.72137779 -0.122279912 0.680964947
1680706116.956895 0.427407146 0.233684078 0.564091384 0.031287853 0.728621423 -0.108434074 0.675554514
1680706116.9569001 0.432965428 0.235835671 0.565287113 0.031465113 0.73721087 -0.096830867 0.667947531
1680706116.956905 0.43272236 0.238077149 0.567894578 0.033404652 0.747124076 -0.085155718 0.658360243
1680706116.9569097 0.438444257 0.239127204 0.569028974 0.033867929 0.75839287 -0.071704894 0.646955669
1680706116.9569144 0.442792535 0.239575103 0.571498156 0.03593035 0.770508647 -0.057788413 0.633786976
1680706116.9569192 0.451547354 0.240106359 0.567178726 0.0384125 0.779751658 -0.041700166 0.62351656
1680706116.9569242 0.450332195 0.239636362 0.566892385 0.039354198 0.787122548 -0.025102418 0.615027845
1680706116.956929 0.451646119 0.239732176 0.565395474 0.039266203 0.795108974 -0.009233649 0.60512358
1680706116.956934 0.457370937 0.240467221 0.56211102 0.041248191 0.804008842 0.005936023 0.593155205
1680706116.9569385 0.457937747 0.240572348 0.56143105 0.041721694 0.81198138 0.021237303 0.581802785
1680706116.9569433 0.460537642 0.241002142 0.559085786 0.042304087 0.819742262 0.036082581 0.570027292
1680706116.9569483 0.463709682 0.241713554 0.556607783 0.044116016 0.827240229 0.050643079 0.557819605
1680706116.956953 0.466540307 0.242112279 0.554862142 0.045220084 0.834681094 0.064696491 0.5450477
1680706116.9569576 0.470779985 0.243053302 0.552565694 0.046564121 0.842000008 0.077822499 0.53180021
1680706116.9569626 0.474775821 0.244064689 0.549785376 0.047334466 0.848683894 0.090622894 0.518924415
1680706116.9569674 0.480124623 0.244619668 0.546892524 0.047807004 0.855102122 0.102996051 0.50587219
1680706116.9569721 0.483583242 0.246000513 0.544361889 0.049314059 0.860516608 0.114151709 0.494012773
1680706116.956977 0.485674798 0.246223941 0.542012215 0.048745651 0.864995658 0.125120625 0.483478248
1680706116.9569817 0.488882303 0.247485921 0.54009515 0.05163224 0.869133532 0.13565211 0.472799629
1680706116.9569867 0.491820186 0.248902336 0.53849417 0.053465873 0.873167574 0.144268543 0.462500125
1680706116.9569914 0.496473998 0.250800461 0.535973608 0.056037184 0.876619101 0.152484104 0.45293197
1680706116.9569962 0.49761048 0.252212286 0.534033775 0.057138246 0.878874481 0.160051748 0.445755899
1680706116.9570034 0.499029517 0.253114015 0.533465445 0.053512588 0.881602526 0.164648116 0.43909505
1680706116.9570081 0.499745607 0.253171027 0.532437265 0.050215982 0.883856893 0.169058293 0.433237404
1680706116.957013 0.500513613 0.253430635 0.531797409 0.047967728 0.885704994 0.172846153 0.428193897
1680706116.957018 0.503097773 0.253821582 0.530185103 0.0460351 0.887187064 0.176260263 0.423924714
1680706116.9570227 0.50456512 0.254238039 0.529809833 0.044943422 0.888411045 0.178964689 0.420330256
1680706116.9570277 0.50628525 0.255124629 0.528955996 0.044033274 0.889140248 0.180816159 0.418086439
1680706116.9570322 0.505376875 0.255613416 0.529094815 0.042498823 0.889491022 0.18235743 0.416827768
1680706116.957037 0.505239666 0.255402178 0.528650045 0.042227797 0.889175236 0.183436245 0.417055607
1680706116.957042 0.50523454 0.255850375 0.528092504 0.041725673 0.88873893 0.183658198 0.417937458
1680706116.9570465 0.505973577 0.255508691 0.528034389 0.041804884 0.888243616 0.183528587 0.419038057
1680706116.9570518 0.504709661 0.254219502 0.526863098 0.040435068 0.886704803 0.183193296 0.422563404
1680706116.9570565 0.505728722 0.253899425 0.526804745 0.04104076 0.885539412 0.181968346 0.425468117
1680706116.957061 0.503873348 0.253406584 0.527262151 0.041304979 0.883483112 0.179344952 0.430797935
1680706116.957066 0.504266798 0.252540141 0.527609289 0.041078717 0.88134563 0.175362721 0.436795592
1680706116.9570708 0.503627181 0.252138257 0.526895642 0.034234829 0.879019916 0.168113708 0.444848031
1680706116.9570756 0.504611671 0.252341002 0.527240336 0.029391654 0.876735389 0.159456357 0.452818841
1680706116.9570806 0.503602624 0.252650887 0.528252304 0.024195073 0.873215377 0.149763614 0.463120341
1680706116.9570851 0.504668653 0.253207147 0.527417183 0.01918802 0.869384885 0.13828516 0.474003077
1680706116.9570901 0.503741086 0.252235144 0.527521312 0.013796117 0.864349663 0.127829447 0.486177921
1680706116.957095 0.505604923 0.252435148 0.526218712 0.009612272 0.859218836 0.115072653 0.498406321
1680706116.9570994 0.507495105 0.252363682 0.52516675 0.00412841 0.85365057 0.102183349 0.510707438
1680706116.9571047 0.508860588 0.252100974 0.524306834 -0.00255569 0.84739089 0.08877033 0.523490191
1680706116.9571092 0.510720968 0.25198552 0.522735 -0.01047557 0.840622008 0.07498607 0.536303937
1680706116.9571142 0.513173699 0.252864599 0.521632552 -0.016785799 0.833098292 0.06045267 0.549555182
1680706116.9571187 0.51678592 0.253949642 0.519675314 -0.022873381 0.825517058 0.046008922 0.562033415
1680706116.9571235 0.521408916 0.253991187 0.516350627 -0.028620668 0.816931725 0.031657044 0.575153232
1680706116.9571283 0.527828753 0.252285033 0.512620389 -0.033350661 0.808221281 0.019547025 0.587608755
1680706116.957133 0.53305918 0.251152486 0.509361207 -0.038513947 0.799181104 0.006717808 0.599817574
1680706116.9571378 0.540437043 0.251082659 0.505504787 -0.046014715 0.789621592 -0.005821354 0.611838639
1680706116.9571428 0.548107982 0.251792222 0.501330197 -0.050350163 0.779861689 -0.018422715 0.623651564
1680706116.9571474 0.560643673 0.250693083 0.495063663 -0.05453445 0.77057761 -0.028619295 0.634363472
1680706116.9571524 0.573393703 0.251470536 0.488509119 -0.058824163 0.761217892 -0.038685095 0.644663155
1680706116.9571571 0.586558044 0.246639028 0.483295113 -0.063926734 0.752193153 -0.045649495 0.654243767
1680706116.957162 0.60024929 0.247725606 0.479802817 -0.067911237 0.743501306 -0.054494474 0.663041711
1680706116.957167 0.61869514 0.247014984 0.478799969 -0.073106788 0.736270845 -0.061258353 0.669931412
1680706116.9571717 0.640349507 0.24858743 0.482306421 -0.068647124 0.730577171 -0.054728679 0.677162707
1680706116.9571767 0.662718713 0.251223594 0.480722606 -0.063178681 0.725219369 -0.046461564 0.68403697
1680706116.9571815 0.687472761 0.253380358 0.479049325 -0.059898917 0.72004509 -0.039028026 0.690234721
1680706116.9571862 0.725999415 0.265474737 0.488198429 -0.05705459 0.716865122 -0.033063561 0.694086432
1680706116.9571912 0.780068934 0.286887169 0.506493509 -0.054585613 0.715113759 -0.028181992 0.696303487
1680706116.9571958 0.827475369 0.314499289 0.516564429 -0.052407492 0.71407485 -0.024031406 0.697691202
1680706116.9572005 0.905927539 0.363018483 0.504342139 -0.04929442 0.711695015 -0.022437772 0.700397611
1680706116.9572053 0.951002598 0.378941536 0.513064802 -0.049407311 0.711972713 -0.017321859 0.700252652
1680706116.9572103 1.000797629 0.404950529 0.527549088 -0.050539438 0.714572132 -0.014187627 0.697589457
1680706116.9572153 1.045225382 0.424561262 0.536009192 -0.052662142 0.717553616 -0.010976614 0.694422781
1680706116.95722 1.087016582 0.444809079 0.547779858 -0.055791263 0.722011685 -0.008882885 0.689570546
1680706116.9572248 1.12658298 0.465528965 0.559287727 -0.059863403 0.727498174 -0.007929008 0.683447063
1680706116.9572296 1.162407756 0.493890285 0.570725501 -0.063792475 0.73386991 -0.009136414 0.676226318
1680706116.9572349 1.194682837 0.511988223 0.584980369 -0.069732577 0.741756737 -0.009943233 0.666959882
1680706116.9572396 1.225592852 0.526439846 0.593247414 -0.079288706 0.748876095 -0.007369321 0.657908499
1680706116.9572444 1.261013746 0.558075011 0.593953192 -0.09073998 0.755797565 -0.00686574 0.648451328
1680706116.9572496 1.288302422 0.561794877 0.608794451 -0.105132259 0.765072525 -0.001657236 0.635301828
1680706116.9572785 1.308772922 0.560331225 0.625916302 -0.120736144 0.774672627 0.004462389 0.620713472
1680706116.9572842 1.324076414 0.555680096 0.643011689 -0.138090163 0.784225404 0.011894429 0.604797602
1680706116.957289 1.342100978 0.553313971 0.65642345 -0.148633182 0.795448124 0.024953449 0.586981893
1680706116.957294 1.358371019 0.529048681 0.668126702 -0.154490888 0.806074977 0.049679827 0.569128871
1680706116.9572988 1.364744067 0.518385172 0.662515521 -0.158464924 0.813827872 0.072482102 0.554363906
1680706116.9573038 1.368644118 0.519489765 0.658558369 -0.160488456 0.821756423 0.094273418 0.538583577
1680706116.9573088 1.389172077 0.526427507 0.647295952 -0.162342101 0.829487741 0.117053494 0.521434188
1680706116.9573135 1.427547932 0.537593365 0.634958267 -0.163207039 0.837757945 0.142047361 0.501345873
1680706116.9573183 1.469644785 0.543640196 0.615345716 -0.167065769 0.843326032 0.16911675 0.481964499
1680706116.957352 1.509049535 0.564081013 0.581472337 -0.167260349 0.84701103 0.194932491 0.465400517
1680706116.957358 1.563988566 0.597402215 0.562430739 -0.169466779 0.852732599 0.218842626 0.442985237
1680706116.9573627 1.604700923 0.625124693 0.537984669 -0.169220433 0.855358124 0.24458456 0.424152404
1680706116.9573677 1.660730958 0.66261667 0.534696877 -0.169344887 0.859748781 0.267955989 0.400442094
1680706116.9573724 1.740863442 0.697466791 0.521376967 -0.165071025 0.863574684 0.297158211 0.372407436
1680706116.9573772 1.802332401 0.741499603 0.506269574 -0.164909407 0.864406109 0.32063818 0.350425661
1680706116.9573822 1.854024053 0.785220385 0.484181404 -0.161782444 0.863400936 0.343210131 0.332523823
1680706116.957387 1.920529127 0.833764732 0.466765851 -0.157969251 0.862574518 0.365119636 0.312567741
1680706116.957392 1.983646393 0.879662931 0.453228176 -0.153151855 0.860776484 0.386031896 0.294257849
1680706116.9573967 2.041009665 0.929625213 0.435343683 -0.147972971 0.857590199 0.404825717 0.280640692
1680706116.9574015 2.101397514 0.979064643 0.421430528 -0.141538486 0.854120374 0.422144562 0.268773437
1680706116.9574065 2.157976151 1.031292439 0.407145947 -0.134132653 0.850634396 0.435798973 0.261741847
1680706116.9574113 2.208932161 1.082136989 0.397714347 -0.126890555 0.846332967 0.447825998 0.25898093
1680706116.9574163 2.256841898 1.132093072 0.381152004 -0.118068427 0.841359258 0.458154708 0.261282891
1680706116.957421 2.300815344 1.178238153 0.369398534 -0.111166738 0.836654425 0.464792699 0.267617404
1680706116.9574258 2.340535879 1.220417738 0.367400467 -0.108380906 0.830920637 0.467523873 0.281506509
1680706116.9574308 2.379889011 1.257796884 0.367928654 -0.105684035 0.825238049 0.467782587 0.298316091
1680706116.9574358 2.420288086 1.300875902 0.368055582 -0.10008277 0.819772243 0.465973735 0.317530036
1680706116.9574409 2.454859257 1.339319706 0.371696442 -0.095693409 0.813950181 0.462072432 0.338846445
1680706116.9574456 2.493201017 1.37892282 0.376693517 -0.087196894 0.807673395 0.45795384 0.361024439
1680706116.9574504 2.546280861 1.436934948 0.38060531 -0.079079501 0.801568508 0.451479286 0.38392809
1680706116.9574554 2.585135221 1.485288501 0.406273365 -0.068102024 0.797224164 0.442395598 0.405070275
1680706116.9574602 2.622826815 1.536808848 0.40132606 -0.058632899 0.788150966 0.434689254 0.431770205
1680706116.9574652 2.665297985 1.582119584 0.395140648 -0.044642739 0.778181374 0.429129094 0.456386864
1680706116.95747 2.721233606 1.650158763 0.389166951 -0.031338241 0.768419087 0.421100199 0.480858207
1680706116.9574747 2.780950308 1.723320723 0.385100037 -0.016729832 0.757642448 0.41295892 0.505136609
1680706116.9574797 2.826771259 1.790637136 0.378922194 0.000618166 0.745272875 0.406563997 0.528463542
1680706116.9574845 2.906089306 1.859331012 0.394876391 0.013740956 0.734593987 0.399339288 0.548371196
1680706116.9574897 2.974930286 1.929774523 0.398720354 0.025913615 0.720910788 0.390270501 0.572105825
1680706116.9574945 3.055120945 1.998967886 0.40096581 0.035837259 0.707542121 0.382172137 0.593333244
1680706116.957499 3.139973164 2.088394403 0.433484286 0.047397401 0.697173595 0.370274514 0.612045169
1680706116.957504 3.21060586 2.148085833 0.455749512 0.058025829 0.684195876 0.362183988 0.630342603
1680706116.9575088 3.233311415 2.170159578 0.474692404 0.066879563 0.673951626 0.349463433 0.647450089
1680706116.9575138 3.263014317 2.19296813 0.495574743 0.075011283 0.663793802 0.338993311 0.662445903
1680706116.9575186 3.267569304 2.196846485 0.497064263 0.08114776 0.655565023 0.328893304 0.67489171
1680706116.9575233 3.276327133 2.205212593 0.497136831 0.087046705 0.648639798 0.32097137 0.684592366
1680706116.957528 3.287302017 2.217137814 0.501424074 0.09269581 0.642447412 0.311793536 0.693868577
1680706116.957533 3.315587521 2.238671303 0.509840846 0.09819755 0.636893868 0.306912482 0.700377226
1680706116.957538 3.328355789 2.247200251 0.516138136 0.101545833 0.633876622 0.300967634 0.705200195
1680706116.9575427 3.361990452 2.272955179 0.528358638 0.105533496 0.630025506 0.295055896 0.710543871
1680706116.9575474 3.381500244 2.282678366 0.542049587 0.106539376 0.630728126 0.290663332 0.711580098
1680706116.9575524 3.423536301 2.304421425 0.565292716 0.10878861 0.631177604 0.287523955 0.71211648
1680706116.9575574 3.496283293 2.338020563 0.605920136 0.10851761 0.631100595 0.281063795 0.71480006
1680706116.9575622 3.5654459 2.370160341 0.647755086 0.108233072 0.634392202 0.277396291 0.713360667
1680706116.957567 3.643756866 2.410121202 0.657295108 0.107789412 0.635041833 0.274818569 0.713847339
1680706116.9575717 3.709142923 2.449735403 0.653151929 0.107359014 0.635072351 0.272773802 0.71466881
1680706116.9575765 3.771088123 2.481110573 0.667303264 0.106478803 0.63831085 0.27087763 0.712633729
1680706116.9575813 3.837353468 2.521605492 0.680422068 0.105985351 0.641782403 0.267769516 0.710761487
1680706116.9575863 3.905412436 2.571756601 0.694305062 0.105903491 0.6453197 0.264038026 0.708964586
1680706116.957591 3.978781939 2.611719131 0.707016766 0.104529053 0.649716854 0.261871934 0.705949545
1680706116.9575958 3.998060942 2.631902218 0.699186862 0.104818232 0.651439428 0.259101033 0.705341339
1680706116.9576008 4.010392666 2.639912605 0.701076984 0.103102997 0.655027986 0.255610377 0.703542113
1680706116.957606 4.014214993 2.643911839 0.699312985 0.102662213 0.657798827 0.252054453 0.702303171
1680706116.957611 4.016084671 2.644336462 0.697742939 0.100608967 0.660847425 0.248451993 0.701020718
1680706116.9576159 4.021873474 2.648754597 0.697781682 0.098345026 0.664366901 0.243161201 0.699869633
1680706116.9576206 4.028756142 2.653759241 0.696361184 0.096850567 0.667713523 0.23829627 0.698565304
1680706116.9576256 4.033913136 2.65769577 0.695278704 0.094335809 0.67086643 0.232444957 0.697859824
1680706116.9576304 4.042020798 2.662273407 0.695725858 0.091301911 0.67453891 0.226368025 0.696720004
1680706116.9576354 4.048742771 2.667895794 0.695423305 0.088402458 0.677303433 0.219550118 0.696593702
1680706116.9576402 4.058241367 2.67249012 0.695137799 0.085037574 0.679921925 0.213214293 0.696429789
1680706116.9576447 4.067224979 2.678991795 0.695755899 0.080984443 0.683374524 0.205315888 0.695906758
1680706116.9576497 4.075538158 2.683751345 0.696962357 0.078141041 0.685608208 0.198511109 0.696009099
1680706116.9576545 4.082637787 2.68867588 0.69790709 0.074433833 0.688100219 0.190684259 0.696144521
1680706116.9576595 4.088171005 2.692472935 0.698070467 0.0713199 0.68883127 0.183457851 0.697687685
1680706116.9576643 4.094191551 2.696650267 0.698693156 0.067873284 0.689459383 0.176100299 0.699305177
1680706116.9576688 4.098350048 2.699848175 0.69864136 0.064205416 0.68859452 0.168466076 0.702377677
1680706116.957674 4.102162361 2.702141762 0.699203253 0.05975974 0.686775267 0.160675809 0.706365228
1680706116.9576788 4.104997635 2.703984261 0.700060368 0.056776453 0.685206175 0.154891744 0.709420502
1680706116.9576838 4.110604286 2.708052158 0.701933861 0.053047515 0.682442307 0.148355886 0.713756919
1680706116.9576883 4.115082741 2.709573746 0.704141557 0.048271209 0.679041147 0.142582968 0.718500555
1680706116.9577208 4.120441437 2.713485003 0.706899107 0.044562738 0.674474299 0.137442157 0.724022269
1680706116.957726 4.128713131 2.718774319 0.709559143 0.040508583 0.667412519 0.13223727 0.731732786
1680706116.9577308 4.133875847 2.722434521 0.710787237 0.036444172 0.658823371 0.128149956 0.740406036
1680706116.9577377 4.143475533 2.728118896 0.712537229 0.032700337 0.649053454 0.125227302 0.749652207
1680706116.957743 4.151447773 2.732884645 0.714843333 0.028558653 0.637928247 0.123168901 0.759645522
1680706116.9577475 4.159461975 2.737805367 0.71643573 0.02519194 0.624535084 0.121487938 0.771078408
1680706116.9577522 4.163540363 2.741312981 0.717253268 0.023418697 0.611171007 0.12246877 0.781615615
1680706116.9577572 4.169875622 2.744958639 0.718823791 0.019342957 0.596042991 0.122653157 0.793293595
1680706116.957762 4.175688744 2.747758865 0.721035063 0.015674165 0.581519425 0.12451788 0.803793967
1680706116.957767 4.183108807 2.751302242 0.723424971 0.011640847 0.567099869 0.126391277 0.813810468
1680706116.9577718 4.191394329 2.756099224 0.727152884 0.010906159 0.551101923 0.133149251 0.823674083
1680706116.9577765 4.197398186 2.759947777 0.732569039 0.010030839 0.536432207 0.139301583 0.832306981
1680706116.9577813 4.206296444 2.765393734 0.731180429 0.010982105 0.520425797 0.148768649 0.840775967
1680706116.957786 4.214379311 2.771182775 0.733485281 0.010110009 0.504341364 0.154665187 0.849479973
1680706116.957791 4.22020483 2.774897814 0.736602187 0.008631728 0.490831345 0.161109343 0.856185675
1680706116.9577959 4.225720406 2.777087688 0.738761663 0.008023703 0.477202356 0.167987108 0.862550795
1680706116.9578006 4.233578205 2.782818794 0.741748095 0.006353802 0.464297801 0.172227323 0.868749082
1680706116.9578056 4.240947247 2.787128448 0.743731678 0.005426282 0.452405423 0.177359536 0.873981357
1680706116.9578104 4.2514081 2.795166731 0.7446841 0.005219511 0.440596849 0.180737123 0.87930727
1680706116.9578154 4.254775524 2.796613932 0.746206462 0.006776698 0.433633506 0.187087446 0.881427467
1680706116.9578202 4.261464119 2.801284313 0.749021649 0.004524406 0.428032249 0.188597843 0.883854508
1680706116.9578247 4.266877651 2.804967165 0.750352502 0.004083562 0.424831331 0.191263229 0.884827673
1680706116.9578297 4.270590782 2.80816412 0.75029999 0.002873736 0.423037291 0.192357272 0.885454595
1680706116.9578347 4.274755001 2.811177015 0.750930369 0.001380034 0.424749285 0.192956537 0.884507716
1680706116.9578393 4.279336929 2.815467358 0.750434637 0.002651702 0.429449677 0.197132692 0.881308496
1680706116.9578443 4.285520554 2.819613218 0.752026975 0.002832226 0.438519388 0.200975344 0.875957549
1680706116.9578493 4.290095806 2.82417798 0.752257943 0.002870306 0.449759424 0.203525156 0.869646907
1680706116.9578543 4.295417786 2.828388691 0.752288401 0.003334877 0.463640511 0.206383482 0.861645043
1680706116.957859 4.298630714 2.83176136 0.752704203 0.005873203 0.479776651 0.209730312 0.85193491
1680706116.9578636 4.305121422 2.836228371 0.753977418 0.005720805 0.497285008 0.21186702 0.841300905
1680706116.9578686 4.313346386 2.842292786 0.755881131 0.006905508 0.51638025 0.214088678 0.829137921
1680706116.957873 4.318906307 2.846226692 0.756916881 0.007344829 0.536013842 0.215225607 0.816280067
1680706116.957878 4.321578026 2.848852634 0.758595765 0.008567113 0.557453096 0.216092214 0.801546514
1680706116.957883 4.329835892 2.854818583 0.758403778 0.009477993 0.577057004 0.21657674 0.787407041
1680706116.957888 4.335234165 2.858720541 0.759435594 0.009276426 0.597517908 0.216459215 0.77203089
1680706116.9578927 4.338205814 2.860899925 0.758248806 0.009538668 0.617143214 0.21654588 0.756406724
1680706116.9578974 4.341103077 2.86370635 0.7585302 0.009914885 0.63698256 0.215617433 0.740043223
1680706116.9579024 4.345070839 2.867567539 0.758289754 0.011017814 0.656786978 0.215107992 0.722660363
1680706116.9579072 4.351763248 2.873704195 0.758573294 0.010361562 0.675050437 0.212657243 0.706382632
1680706116.9579117 4.358459949 2.877637625 0.759518504 0.00609501 0.691393435 0.209183574 0.691505671
1680706116.9579167 4.363767624 2.883161306 0.758438706 0.00648952 0.708162189 0.209086776 0.674349248
1680706116.9579215 4.372915745 2.89078784 0.758454144 0.004255134 0.723063231 0.207117453 0.658986986
1680706116.957926 4.380842686 2.896457672 0.758638442 0.000371133 0.736477792 0.20511435 0.644614935
1680706116.9579313 4.38980484 2.903679371 0.759603024 -0.002466392 0.749057829 0.204182997 0.630250454
1680706116.9579358 4.394615173 2.908325195 0.758199871 -0.006503074 0.759103239 0.202832296 0.618529797
1680706116.9579408 4.396751881 2.910583973 0.757716477 -0.012363208 0.767527819 0.202120334 0.608190417
1680706116.9579456 4.401671886 2.913147449 0.757213771 -0.01938306 0.774276435 0.20183374 0.599485993
1680706116.95795 4.407951832 2.920290232 0.75662595 -0.027858831 0.779666722 0.198903263 0.593111455
1680706116.9579554 4.419326305 2.929707766 0.754079282 -0.034515124 0.784292638 0.200205475 0.586183846
1680706116.9579601 4.425248146 2.934958696 0.750456274 -0.04067561 0.788026154 0.203368455 0.579656363
1680706116.9579651 4.431033611 2.940194607 0.745354891 -0.047126457 0.790316224 0.208012223 0.574378133
1680706116.95797 4.440561771 2.947172165 0.739983857 -0.051478885 0.792480648 0.216920435 0.567688167
1680706116.9579747 4.443556309 2.949824095 0.737497866 -0.057801221 0.7949543 0.221510768 0.561818123
1680706116.9579797 4.442091942 2.946393013 0.732106984 -0.062836513 0.795922339 0.232236505 0.55554074
1680706116.9579844 4.443366051 2.94720459 0.728676975 -0.067016602 0.797914147 0.241949826 0.54799819
1680706116.9579895 4.445649147 2.949865818 0.723937809 -0.072091162 0.798911035 0.250042647 0.542238593
1680706116.957994 4.449515343 2.955271244 0.721147716 -0.079792716 0.801772475 0.254903585 0.534619749
1680706116.9579988 4.448989868 2.955936193 0.723698556 -0.086634569 0.8070485 0.260574222 0.522750735
1680706116.9580038 4.448802948 2.956011057 0.722319484 -0.090648003 0.812450886 0.270703346 0.508356452
1680706116.9580085 4.457175255 2.960580111 0.721380591 -0.095099136 0.818572462 0.281616718 0.491515279
1680706116.9580135 4.463201523 2.967009306 0.720402837 -0.101818465 0.825194418 0.287996382 0.475126594
1680706116.9580188 4.477143764 2.977891445 0.721205473 -0.108772546 0.831654787 0.29474473 0.457869381
1680706116.9580238 4.485589027 3.002058983 0.709367156 -0.116798833 0.837074101 0.293043882 0.446979076
1680706116.95803 4.498709679 3.031872749 0.699626207 -0.123627953 0.843774915 0.289266258 0.4348391
1680706116.9580352 4.523914814 3.057667255 0.693399966 -0.13160798 0.851796269 0.287468702 0.417712957
1680706116.95804 4.540681839 3.083904266 0.680901587 -0.136281267 0.860112607 0.286879867 0.399166226
1680706116.958045 4.56746912 3.106235981 0.667109787 -0.140384302 0.86877358 0.288923055 0.376892805
1680706116.9580498 4.566027164 3.142791271 0.628822327 -0.142208308 0.876264215 0.286720067 0.360179722
1680706116.9580545 4.54492712 3.179591894 0.581140876 -0.144013852 0.882693529 0.283816546 0.345774889
1680706116.9580593 4.530483723 3.214837074 0.523081541 -0.148387253 0.888394475 0.281546801 0.330859303
1680706116.9580643 4.524553299 3.256808519 0.457347274 -0.152988136 0.894146979 0.279226273 0.314846784
1680706116.9580693 4.514763832 3.349154711 0.370229423 -0.152024448 0.90344435 0.274581879 0.292030305
1680706116.9580739 4.511632442 3.437580824 0.303037822 -0.15263775 0.912490547 0.268132925 0.268640071
1680706116.9580786 4.500736713 3.521907091 0.237706795 -0.152892932 0.920918703 0.260909498 0.245883524
1680706116.9580836 4.501995564 3.574604273 0.176763952 -0.153514966 0.928049922 0.256739199 0.221904203
1680706116.9580889 4.495933533 3.612726688 0.111322626 -0.155397952 0.933639467 0.252687603 0.200793087
1680706116.958094 4.494092464 3.65818429 0.062899739 -0.156128988 0.940071464 0.246855482 0.175931007
1680706116.9580986 4.477398872 3.718873978 -0.009304568 -0.154049382 0.945786059 0.241099402 0.153716028
1680706116.9581037 4.465189934 3.778484344 -0.076871105 -0.151554927 0.951018333 0.235721484 0.130501479
1680706116.9581192 4.454040527 3.842346191 -0.142176196 -0.151532516 0.955489635 0.228377581 0.109183699
1680706116.9581244 4.448032856 3.896611452 -0.201082751 -0.149933547 0.959492326 0.222437069 0.086117372
1680706116.9581292 4.432014942 3.945527554 -0.252571404 -0.14865537 0.96272999 0.216456532 0.064800024
1680706116.9581342 4.422021866 3.981943846 -0.295771122 -0.147039354 0.965331316 0.211090371 0.044223864
1680706116.9581392 4.405382633 4.018673897 -0.329408139 -0.146710575 0.967334092 0.205094784 0.02601734
1680706116.958144 4.3729496 4.046175003 -0.372575819 -0.155759841 0.967021883 0.201040685 0.013791295
1680706116.958149 4.371368408 4.065161228 -0.399022818 -0.165557519 0.966170251 0.197742313 -0.001925693
1680706116.9581537 4.375330448 4.078492641 -0.426730275 -0.173755482 0.964979291 0.195831463 -0.016553095
1680706116.9581587 4.379584789 4.093110561 -0.461868018 -0.181680784 0.963277578 0.195388168 -0.030195985
1680706116.9581637 4.371227264 4.111350536 -0.501538813 -0.187821135 0.962017179 0.193964168 -0.040300019
1680706116.9581685 4.355051517 4.13806057 -0.533653378 -0.192290142 0.96096015 0.192643479 -0.049685162
1680706116.9581735 4.307846546 4.182191372 -0.544625819 -0.195619568 0.960915864 0.18858391 -0.05300758
1680706116.958178 4.304341316 4.189425945 -0.554720521 -0.199800238 0.959623516 0.188241377 -0.061382353
1680706116.9581828 4.308691978 4.192571163 -0.562045753 -0.204048946 0.958194971 0.188307151 -0.069042474
1680706116.9581878 4.305654049 4.198626518 -0.570774198 -0.206350312 0.957374454 0.187991679 -0.074247912
1680706116.9581926 4.308774948 4.202610016 -0.576044917 -0.209043995 0.956294358 0.188539624 -0.079085559
1680706116.9581976 4.310000896 4.202158451 -0.575061917 -0.209941432 0.955695152 0.189118713 -0.082495421
1680706116.9582024 4.310726643 4.201877117 -0.579766512 -0.210795894 0.955122709 0.190346897 -0.08410579
1680706116.9582074 4.305563927 4.20290041 -0.580640972 -0.210666865 0.955136418 0.190326333 -0.084319234
1680706116.9582121 4.304205418 4.205786705 -0.58555162 -0.210192829 0.955126882 0.191063002 -0.083943382
1680706116.958217 4.303096771 4.210346699 -0.59484309 -0.208036065 0.955506623 0.192076758 -0.082671568
1680706116.958222 4.301273823 4.216130257 -0.602164388 -0.205326989 0.956257164 0.192465246 -0.079813734
1680706116.9582267 4.299179554 4.217810631 -0.606584668 -0.203428239 0.956801713 0.193225741 -0.076231956
1680706116.9582314 4.301503181 4.22718811 -0.621189952 -0.200121418 0.957748592 0.193788871 -0.071518764
1680706116.9582365 4.294790268 4.229614258 -0.635402799 -0.198203698 0.958288729 0.19536072 -0.065055318
1680706116.9582412 4.281665325 4.231994629 -0.640065908 -0.206878155 0.95697403 0.196046367 -0.054478336
1680706116.958246 4.273974895 4.244318962 -0.636087 -0.215746492 0.955608845 0.196023509 -0.042894732
1680706116.9582531 4.266177177 4.253248215 -0.627204239 -0.224937975 0.954030156 0.195777461 -0.030008296
1680706116.958258 4.261256695 4.253767014 -0.626703441 -0.2337569 0.952071786 0.196565792 -0.016699513
1680706116.9582627 4.251616001 4.2552104 -0.62728101 -0.24240002 0.949819505 0.197694913 -0.00135229
1680706116.9582677 4.252154827 4.278932571 -0.633427799 -0.251297474 0.94743073 0.197614908 0.013153478
1680706116.9582725 4.259037018 4.297516346 -0.629275441 -0.259521127 0.945115983 0.196522757 0.027989039
1680706116.9582775 4.264064789 4.309083462 -0.648184121 -0.267465889 0.941460013 0.200766698 0.042518705
1680706116.9582822 4.261947155 4.31218195 -0.654017508 -0.275282741 0.937845349 0.202459037 0.060628515
1680706116.958287 4.258609772 4.319481373 -0.65746665 -0.282987058 0.934007406 0.203111663 0.07933557
1680706116.958292 4.268851757 4.352959156 -0.666355729 -0.28845197 0.93079716 0.202871189 0.096205063
1680706116.9583106 4.264766216 4.37283802 -0.670970798 -0.292103499 0.927396953 0.20371826 0.114495985
1680706116.9583182 4.263617992 4.399258614 -0.682573795 -0.294461757 0.924109042 0.204064712 0.132937357
1680706116.9583232 4.252411842 4.417214394 -0.682724833 -0.295269877 0.92072773 0.204170451 0.152939945
1680706116.958328 4.232669353 4.443005562 -0.685411155 -0.295689583 0.917055368 0.203272328 0.173946828
1680706116.958333 4.217451096 4.452326775 -0.696751177 -0.295288265 0.912466228 0.204625756 0.195802212
1680706116.9583378 4.196193218 4.461968422 -0.706844807 -0.295104057 0.907081366 0.205950931 0.218405858
1680706116.9583426 4.185008526 4.477752209 -0.705856383 -0.289561093 0.903550625 0.205843151 0.239539623
1680706116.9583476 4.179344177 4.484845638 -0.713687479 -0.284045279 0.898817122 0.207284153 0.261685491
1680706116.9583523 4.165924549 4.486876488 -0.717404068 -0.275853574 0.894136548 0.208641276 0.284417719
1680706116.9583576 4.148077965 4.484164238 -0.704512358 -0.267189085 0.889369369 0.209354565 0.306272388
1680706116.9583623 4.123972416 4.460810184 -0.688674867 -0.256122172 0.883782983 0.212425172 0.328944683
1680706116.9583673 4.115671158 4.453389168 -0.678535938 -0.241828784 0.879191935 0.213965625 0.35036996
1680706116.958372 4.106468201 4.448907852 -0.670467615 -0.225728586 0.87446183 0.215227589 0.371537656
1680706116.958377 4.096310139 4.442039967 -0.66727829 -0.203312203 0.870258152 0.219692826 0.39121604
1680706116.9583821 4.069690704 4.441819191 -0.670583427 -0.182275012 0.864611387 0.222508207 0.411962509
1680706116.958387 4.054630756 4.443328381 -0.677549481 -0.161214173 0.858601511 0.226867363 0.43051672
1680706116.9583917 4.036989212 4.46031189 -0.695583045 -0.137623191 0.852504671 0.231034458 0.448239565
1680706116.9583967 4.017584801 4.488335133 -0.721389711 -0.115588903 0.845671058 0.232954323 0.466060042
1680706116.9584014 3.999943018 4.515058517 -0.746854186 -0.09559875 0.839147389 0.236179084 0.480533063
1680706116.9584064 3.987910271 4.539710045 -0.769542754 -0.077024885 0.833221734 0.240869269 0.491722137
1680706116.9584112 3.976286888 4.574193954 -0.799837232 -0.058606394 0.827336788 0.244719565 0.502186716
1680706116.9584162 3.960676432 4.599646091 -0.820740104 -0.044839911 0.823279083 0.249483809 0.507896304
1680706116.958421 3.946778774 4.626223087 -0.849955797 -0.032365166 0.81899327 0.254345655 0.513332784
1680706116.9584255 3.931420088 4.646173 -0.874125183 -0.022041541 0.815904677 0.260255575 0.5158301
1680706116.9584308 3.921084166 4.672212124 -0.900225103 -0.013995726 0.814225793 0.26534611 0.516170442
1680706116.9584358 3.906785727 4.695879936 -0.92434442 -0.00751975 0.814088225 0.271795332 0.513157964
1680706116.9584408 3.881988049 4.720418453 -0.944884419 -0.001273185 0.814983487 0.278076142 0.508403361
1680706116.9584458 3.862159252 4.747276306 -0.965666413 0.004166918 0.817119181 0.284893394 0.501133323
1680706116.9584508 3.841059923 4.766408443 -0.980090141 0.003543606 0.821536839 0.291608125 0.489927888
1680706116.9584577 3.821799755 4.778343201 -0.994370043 -0.00032087 0.826491058 0.300129771 0.47627148
1680706116.9584627 3.794887066 4.784930706 -1.00936532 -0.007388217 0.832618296 0.309180528 0.459455758
1680706116.9584675 3.765047073 4.790993214 -1.019562721 -0.016934875 0.840747356 0.316762328 0.438769519
1680706116.9584725 3.734790325 4.803779125 -1.037065506 -0.02839384 0.848047674 0.324470878 0.418004245
1680706116.9584775 3.7010777 4.827981949 -1.055965543 -0.038675584 0.855490863 0.331950635 0.395535529
1680706116.9584827 3.656659365 4.850681305 -1.081521988 -0.047674488 0.862279773 0.341009855 0.371366471
1680706116.9584875 3.608807325 4.880434513 -1.106046557 -0.057491012 0.869012535 0.348605484 0.346390247
1680706116.9584925 3.562290192 4.899659157 -1.127366781 -0.070255123 0.876021564 0.356245458 0.317394972
1680706116.9584973 3.526206732 4.91327095 -1.147887707 -0.084429443 0.882283211 0.364506662 0.285627097
1680706116.958502 3.488818169 4.916029453 -1.158705235 -0.099461317 0.88813138 0.372737348 0.249793664
1680706116.9585073 3.456036568 4.921098709 -1.176161289 -0.118372262 0.892436028 0.38021493 0.212090969
1680706116.9585123 3.421195984 4.924773216 -1.194207907 -0.137987122 0.895263851 0.387777001 0.170561388
1680706116.9585173 3.396323442 4.939990044 -1.212806582 -0.163795352 0.895213425 0.393904775 0.128852561
1680706116.958543 3.381489038 4.955507278 -1.226113796 -0.19406417 0.892653704 0.398279101 0.082959525
1680706116.9585485 3.358228683 4.977695942 -1.244202256 -0.221805736 0.887139261 0.402990043 0.037218139
1680706116.9585533 3.322062731 5.012684345 -1.262729883 -0.248438418 0.879877925 0.40499422 -0.008535888
1680706116.9585586 3.288347483 5.034557343 -1.282094359 -0.271799237 0.871311784 0.404564917 -0.057167698
1680706116.9585633 3.25410676 5.053442478 -1.297238111 -0.298539221 0.86034596 0.399909437 -0.103689797
1680706116.958568 3.214075565 5.074919224 -1.313372374 -0.328534901 0.844602406 0.394522965 -0.151866019
1680706116.958575 3.175894022 5.096299648 -1.325388312 -0.36199674 0.82437408 0.385511458 -0.201858103
1680706116.9585803 3.130965471 5.109016895 -1.335011959 -0.390121996 0.802354336 0.375837266 -0.250556797
1680706116.958585 3.088736296 5.111934662 -1.339362741 -0.416390061 0.777511358 0.365583241 -0.297395825
1680706116.95859 3.052536249 5.111104012 -1.339214087 -0.441954911 0.74833864 0.352174968 -0.347329766
1680706116.9585948 3.017920732 5.103900433 -1.334095836 -0.468500972 0.712912977 0.341008842 -0.394936502
1680706116.9586 2.973582983 5.088702202 -1.328255057 -0.482585251 0.679403722 0.332790405 -0.441330522
1680706116.9586048 2.933067799 5.071326733 -1.321777821 -0.491980761 0.642178535 0.32729128 -0.48830536
1680706116.9586098 2.882843733 5.04809761 -1.315399528 0.496359736 -0.604556382 -0.322428346 0.533084035
1680706116.9586148 2.826322317 5.011581421 -1.299970508 0.498047888 -0.569884181 -0.317858547 0.571092188
1680706116.9586196 2.770680904 4.970804214 -1.281448841 0.500885546 -0.528666496 -0.316446781 0.607854366
1680706116.9586248 2.716080427 4.92376709 -1.249334931 0.496313155 -0.492080152 -0.313442469 0.642871797
1680706116.9586296 2.672685146 4.871834278 -1.216502309 0.487359792 -0.458175987 -0.310103416 0.67556721
1680706116.9586349 2.630239487 4.815379143 -1.177434564 0.476706088 -0.42005986 -0.307570904 0.708308637
1680706116.9586396 2.599386215 4.760908127 -1.134423256 0.462260067 -0.385695279 -0.296923846 0.741209149
1680706116.9586444 2.568039417 4.699850082 -1.08453393 0.441916168 -0.348409474 -0.286698371 0.775322497
1680706116.9586494 2.552186251 4.642576694 -1.034369111 0.421953648 -0.308527946 -0.278889537 0.805596828
1680706116.958656 2.544811487 4.58822155 -0.979244769 0.401616037 -0.268237919 -0.268987983 0.833305717
1680706116.9586608 2.546616316 4.535146713 -0.930015385 0.380957037 -0.226400107 -0.26005441 0.857896507
1680706116.958666 2.558539867 4.480534554 -0.881133914 0.357160956 -0.185891107 -0.251836926 0.880033374
1680706116.9586709 2.582548618 4.425326824 -0.83144635 0.333593249 -0.146272719 -0.239069477 0.900092006
1680706116.9586756 2.609158516 4.373315811 -0.782353103 0.311114848 -0.103128485 -0.223078772 0.9180457
1680706116.9586806 2.637877941 4.324928284 -0.739091754 0.286536753 -0.054994874 -0.212615669 0.932559311
1680706116.9586854 2.676649094 4.275282383 -0.692405462 0.25557819 -0.008948885 -0.19693625 0.946475506
1680706116.9586904 2.722333908 4.233585835 -0.645945728 0.222050801 0.034479357 -0.178899541 0.95786196
1680706116.9586952 2.772104502 4.192836761 -0.601495802 0.183652461 0.079138987 -0.155711994 0.967348218
1680706116.9586997 2.772104502 4.192836761 -0.601495802 0.183652461 0.079138987 -0.155711994 0.967348218
1680706116.9587047 2.772104502 4.192836761 -0.601495802 0.183652461 0.079138987 -0.155711994 0.967348218
1680706116.9587092 2.772104502 4.192836761 -0.601495802 0.183652461 0.079138987 -0.155711994 0.967348218
1680706116.958714 2.772104502 4.192836761 -0.601495802 0.183652461 0.079138987 -0.155711994 0.967348218
1680706116.9587202 2.772104502 4.192836761 -0.601495802 0.183652461 0.079138987 -0.155711994 0.967348218
1680706116.9587252 2.772104502 4.192836761 -0.601495802 0.183652461 0.079138987 -0.155711994 0.967348218
1680706116.95873 2.772104502 4.192836761 -0.601495802 0.183652461 0.079138987 -0.155711994 0.967348218
