4.555435 -25.418005 -5.142332
4.555435 -25.418005 -5.142332
4.555435 -25.418005 -5.142332
4.555435 -25.418005 -5.142332
4.555435 -25.418005 -5.142332
4.555435 -25.418005 -5.142332
4.555435 -25.418005 -5.142332
4.555435 -25.418005 -5.142332
4.555435 -25.418005 -5.142332
4.555435 -25.418005 -5.142332
4.555435 -25.418005 -5.142332
4.555435 -25.418005 -5.142332
4.555435 -25.418005 -5.142332
4.555435 -25.418005 -5.142332
4.555435 -25.418005 -5.142332
4.555435 -25.418005 -5.142332
4.555435 -25.418005 -5.142332
4.555435 -25.418005 -5.142332
4.555435 -25.418005 -5.142332
4.555435 -25.418005 -5.142332
4.555435 -25.418005 -5.142332
4.555435 -25.418005 -5.142332
4.589051 -25.924921 -5.241612
4.498007 -26.316997 -5.253971
4.333608 -26.780428 -5.405328
4.150349 -27.158402 -5.488237
3.982144 -27.361963 -5.468069
3.745237 -27.772352 -5.549483
3.468248 -28.042894 -5.598644
3.283962 -28.178407 -5.594461
3.039534 -28.300637 -5.566431
2.833952 -28.356285 -5.554342
2.586975 -28.387581 -5.504117
2.403384 -28.416411 -5.466623
2.210694 -28.396795 -5.425276
1.973385 -28.372274 -5.386137
1.686513 -28.334492 -5.378024
1.475073 -28.292731 -5.328038
1.167488 -28.273997 -5.242422
0.954933 -28.320677 -5.187225
0.707504 -28.297889 -5.135523
0.549056 -28.369924 -5.079259
0.370791 -28.532070 -5.079494
0.136191 -28.588974 -5.058734
-0.237972 -28.662089 -5.008793
-0.616167 -28.697405 -4.989022
-0.962869 -28.815944 -4.906609
-1.294916 -28.930883 -4.853811
-1.603561 -28.969693 -4.860445
-1.884255 -28.949492 -4.875093
-2.149044 -29.047444 -4.802138
-2.456381 -29.059400 -4.696881
-2.670009 -29.038181 -4.655492
-2.951934 -28.990010 -4.603315
-3.231837 -28.948479 -4.497412
-3.438234 -28.870750 -4.397009
-3.633517 -28.727791 -4.308990
-3.776113 -28.619627 -4.287389
-3.893457 -28.477606 -4.254474
-3.974250 -28.349659 -4.247782
-4.108752 -28.238412 -4.178102
-4.303223 -28.127058 -4.092305
-4.496360 -28.071905 -3.980042
-4.636863 -28.074798 -3.916362
-4.781211 -28.055471 -3.883685
-4.929721 -28.089143 -3.881641
-5.044659 -28.098968 -3.910549
-5.085831 -28.135496 -3.899816
-5.089094 -28.223062 -3.948720
-5.008413 -28.342272 -4.014412
-4.973457 -28.445063 -4.031491
-5.043102 -28.445844 -4.117170
-5.121940 -28.410064 -4.140240
-5.131230 -28.380174 -4.117077
-5.202586 -28.296033 -4.046720
-5.348081 -28.183006 -3.938076
-5.460688 -28.093074 -3.896571
-5.617282 -28.010857 -3.890679
-5.676857 -27.985557 -3.851427
-5.717651 -27.965900 -3.827231
-5.763331 -27.944983 -3.772421
-5.828368 -27.897501 -3.713796
-5.864048 -27.882329 -3.667774
-5.835426 -27.896124 -3.715007
-5.843717 -27.882656 -3.702326
-5.805860 -27.911004 -3.686414
-5.852836 -27.880418 -3.648732
-5.867560 -27.872316 -3.638816
-5.874449 -27.864979 -3.624083
-5.857838 -27.879315 -3.668487
-5.865106 -27.843694 -3.613785
-5.846055 -27.826547 -3.666187
-5.873044 -27.865141 -3.644200
-5.914777 -27.810815 -3.593179
-5.962451 -27.785539 -3.530025
-5.960743 -27.756871 -3.510886
-5.996320 -27.728706 -3.483074
-6.004907 -27.704632 -3.439482
-6.027117 -27.687699 -3.421232
-6.052504 -27.668305 -3.386548
-6.100175 -27.634666 -3.323936
-6.106979 -27.613507 -3.304135
-6.108554 -27.644550 -3.337183
-6.096163 -27.639917 -3.365791
-6.071504 -27.646616 -3.365918
-6.109637 -27.635932 -3.339830
-6.092389 -27.655942 -3.382232
-6.131231 -27.585250 -3.298894
-6.168572 -27.518608 -3.220784
-6.180768 -27.422530 -3.045231
-6.320809 -27.233307 -2.903330
-6.439368 -27.158522 -2.769696
-6.570014 -27.078905 -2.577387
-6.739434 -26.898554 -2.408223
-6.939730 -26.819173 -2.241462
-7.212143 -26.740304 -2.105365
-7.444163 -26.493600 -1.860631
-7.630374 -26.286269 -1.633300
-7.908912 -26.088074 -1.455837
-8.112038 -25.835878 -1.228926
-8.394903 -25.639409 -1.018689
-8.619722 -25.381455 -0.853087
-8.814270 -25.137101 -0.659152
-9.083877 -24.848941 -0.439454
-9.389846 -24.630535 -0.180820
-9.682447 -24.310778 0.051921
-9.950979 -24.055991 0.270826
-10.286771 -23.799486 0.521981
-10.641841 -23.486896 0.800762
-10.977773 -23.242104 1.050437
-11.280370 -22.939513 1.269032
-11.652597 -22.565924 1.351861
-11.853548 -22.290239 1.433929
-11.930681 -22.003850 1.466744
-12.030121 -21.860378 1.537660
-12.052645 -21.730271 1.529740
-12.081474 -21.642889 1.542851
-12.096834 -21.610879 1.553140
-12.078507 -21.539249 1.552648
-12.072308 -21.487307 1.574223
-12.063802 -21.394218 1.582701
-12.060682 -21.268215 1.601849
-12.058908 -21.207012 1.628047
-12.064141 -21.173805 1.630673
-12.064730 -21.058310 1.646089
-12.076657 -21.041928 1.620134
-12.082391 -20.941919 1.623583
-12.093069 -20.814481 1.647112
-12.090772 -20.710842 1.654869
-12.091648 -20.610007 1.680205
-12.082054 -20.512457 1.677096
-12.068129 -20.447385 1.653640
-12.044705 -20.368291 1.646057
-12.025664 -20.291389 1.626889
-12.012255 -20.216472 1.620973
-11.998776 -20.144052 1.624211
-11.981398 -20.108783 1.602897
-11.983623 -20.084274 1.603098
-11.970363 -20.024188 1.590695
-11.963031 -19.975143 1.584360
-11.948620 -19.891511 1.591709
-11.934338 -19.813579 1.578523
-11.931377 -19.778224 1.570646
-11.915047 -19.734573 1.565716
-11.905712 -19.697489 1.560813
-11.890112 -19.652120 1.545518
-11.879096 -19.613477 1.541160
-11.867949 -19.573146 1.533587
-11.840570 -19.528482 1.519086
-11.815358 -19.483106 1.494422
-11.788526 -19.419005 1.472465
-11.762863 -19.382627 1.447925
-11.753523 -19.349816 1.447055
-11.736013 -19.305059 1.433056
-11.725595 -19.314774 1.408515
-11.688900 -19.263445 1.367137
-11.666735 -19.237357 1.329918
-11.632122 -19.181576 1.292843
-11.586955 -19.151905 1.262163
-11.551888 -19.089367 1.233655
-11.526228 -19.038726 1.196873
-11.498102 -18.998080 1.169616
-11.486355 -18.967304 1.149700
-11.451401 -18.895940 1.119626
-11.410352 -18.810745 1.092028
-11.387570 -18.760631 1.072182
-11.355286 -18.697075 1.048284
-11.324427 -18.647850 1.032167
-11.312539 -18.607646 1.014296
-11.285220 -18.555169 1.004181
-11.265187 -18.505565 0.988944
-11.244963 -18.439357 0.971838
-11.216032 -18.399723 0.959657
-11.190099 -18.360836 0.935816
-11.171200 -18.298415 0.916878
-11.144962 -18.244598 0.900171
-11.128145 -18.204579 0.890434
-11.100728 -18.123505 0.856754
-11.068017 -18.046136 0.830572
-11.049901 -17.997106 0.815324
-11.024168 -17.941808 0.781867
-10.994931 -17.902731 0.762131
-10.972766 -17.849220 0.748135
-10.945519 -17.754211 0.714733
-10.920189 -17.672932 0.706211
-10.897512 -17.608670 0.689252
-10.895816 -17.583770 0.698757
-10.886463 -17.537106 0.694936
-10.872587 -17.492500 0.687995
-10.856369 -17.445019 0.674030
-10.851062 -17.415976 0.669688
-10.838547 -17.370074 0.661060
-10.796764 -17.246771 0.635551
-10.782762 -17.118559 0.616199
-10.714461 -16.903126 0.582971
-10.633329 -16.536929 0.538593
-10.545208 -16.279673 0.492383
-10.480585 -15.973953 0.463133
-10.374757 -15.556012 0.441660
-10.265562 -15.085217 0.395991
-10.146940 -14.603362 0.354860
-10.067968 -14.151425 0.320478
-9.961269 -13.721975 0.284061
-9.966350 -13.279054 0.353457
-9.799092 -12.923331 0.179186
-9.607975 -12.592158 0.090655
-9.419187 -12.208660 0.040720
-9.282902 -11.606769 -0.016992
-9.215292 -11.443899 -0.088198
-9.186731 -11.233948 -0.159661
-9.158773 -11.142019 -0.179917
-9.147750 -11.054506 -0.171133
-9.138815 -11.121437 -0.153094
-9.105790 -10.923797 -0.227786
-9.022086 -10.527708 -0.375940
-8.968259 -10.004596 -0.597546
-8.795902 -9.417053 -0.908446
-8.743914 -8.779207 -1.143994
-8.728181 -8.276153 -1.304657
-8.764093 -7.780404 -1.373239
-8.787734 -7.277172 -1.476112
-8.757192 -6.703783 -1.711365
-8.724449 -6.256946 -1.805453
-8.707615 -5.776486 -1.993768
-8.739218 -5.335047 -2.054717
-8.685544 -4.875772 -2.221549
-8.651202 -4.475833 -2.304885
-8.634191 -4.080555 -2.460028
-8.637500 -3.642647 -2.517588
-8.641642 -3.221038 -2.631997
-8.630284 -2.822117 -2.701715
-8.681091 -2.346792 -2.713714
-8.667656 -1.857235 -2.715596
-8.658677 -1.329310 -2.742123
-8.665359 -0.802950 -2.732306
-8.650246 -0.271391 -2.713891
-8.647957 0.255217 -2.670693
-8.609586 0.774662 -2.626949
-8.574504 1.303961 -2.572206
-8.545181 1.785966 -2.525020
-8.479044 2.225082 -2.496896
-8.335942 2.686505 -2.450648
-8.236578 3.146619 -2.340212
-8.189193 3.449511 -2.306784
-8.150604 3.679252 -2.330777
-8.102555 3.910336 -2.285599
-8.082335 4.089230 -2.242042
-8.061814 4.219035 -2.223117
-8.028981 4.347868 -2.172640
-8.032987 4.431532 -2.164746
-8.027300 4.489092 -2.151424
-8.020709 4.506543 -2.132392
-8.045198 4.501490 -2.100512
-8.052552 4.549400 -2.120409
-8.110055 4.560917 -2.170571
-8.097618 4.650412 -2.187022
-8.072577 4.863182 -2.134526
-8.005752 5.010339 -2.199520
-7.942118 5.103132 -2.341942
-7.859012 5.316765 -2.386862
-7.783122 5.536668 -2.471576
-7.714782 5.788939 -2.495117
-7.570282 6.099238 -2.458277
-7.528410 6.245410 -2.642127
-7.421773 6.487109 -2.680254
-7.215034 6.876225 -2.544190
-7.012805 7.240023 -2.578805
-6.929360 7.440949 -2.685586
-6.803010 7.603875 -2.675535
-6.709715 7.767448 -2.625994
-6.649056 7.902871 -2.611514
-6.584608 8.064849 -2.546745
-6.530107 8.195850 -2.491799
-6.472872 8.268051 -2.450448
-6.416491 8.344787 -2.416949
-6.372278 8.395877 -2.377474
-6.329205 8.458041 -2.325048
-6.303567 8.493921 -2.299175
-6.291562 8.507845 -2.285321
-6.286812 8.528405 -2.281401
-6.278163 8.543391 -2.278242
-6.263712 8.557743 -2.272820
-6.259492 8.574421 -2.251224
-6.257617 8.585359 -2.245440
-6.246788 8.602432 -2.228544
-6.246155 8.615353 -2.212994
-6.233855 8.619757 -2.208360
-6.231999 8.640166 -2.205444
-6.222642 8.639174 -2.202200
-6.224164 8.647655 -2.200623
-6.221061 8.652700 -2.188393
-6.217332 8.658959 -2.189206
-6.218436 8.648529 -2.201836
-6.218493 8.647518 -2.192893
-6.213229 8.662828 -2.187633
-6.209416 8.676432 -2.182659
-6.210161 8.689680 -2.177361
-6.206234 8.685802 -2.175772
-6.206945 8.690982 -2.171352
-6.201697 8.706742 -2.163362
-6.198693 8.724920 -2.152071
-6.204471 8.728329 -2.156054
-6.212314 8.737107 -2.154289
-6.205014 8.751774 -2.148130
-6.208567 8.756125 -2.142430
-6.208214 8.756868 -2.140644
-6.203110 8.758300 -2.139321
-6.213786 8.778024 -2.125573
-6.211383 8.798357 -2.120060
-6.213097 8.819982 -2.115222
-6.223302 8.846910 -2.099256
-6.210320 8.887370 -2.088065
-6.207389 8.926493 -2.074260
-6.205145 8.962981 -2.054344
-6.197858 8.995453 -2.044893
-6.190452 9.045939 -2.025344
-6.185961 9.072801 -2.008440
-6.176167 9.128862 -1.993775
-6.176619 9.150891 -1.971677
-6.165144 9.193399 -1.949661
-6.158619 9.219073 -1.935980
-6.157292 9.242376 -1.913688
-6.096820 9.336484 -1.878448
-6.081280 9.361546 -1.853829
-6.069712 9.419318 -1.835427
-6.065357 9.508628 -1.787086
-6.046212 9.565582 -1.760283
-6.015299 9.605577 -1.768546
-5.980436 9.683396 -1.737035
-5.951168 9.794311 -1.697747
-5.921582 9.862830 -1.658083
-5.885198 9.919604 -1.620808
-5.852474 9.962905 -1.616832
-5.825707 10.032375 -1.589318
-5.816595 10.048116 -1.591058
-5.814075 10.031835 -1.602151
-5.799725 10.056381 -1.583086
-5.785414 10.092691 -1.565442
-5.772001 10.134168 -1.551127
-5.765743 10.153941 -1.537615
-5.751287 10.181491 -1.511163
-5.741747 10.213510 -1.489404
-5.730415 10.232894 -1.478302
-5.724478 10.251616 -1.455093
-5.705850 10.279289 -1.441847
-5.699152 10.320831 -1.400337
-5.684057 10.340354 -1.393172
-5.681237 10.358321 -1.373419
-5.667266 10.395722 -1.337364
-5.659969 10.411494 -1.326175
-5.654102 10.432410 -1.304143
-5.642978 10.463191 -1.271416
-5.642688 10.490506 -1.245580
-5.640218 10.517107 -1.205519
-5.642530 10.542601 -1.168256
-5.639180 10.562383 -1.147415
-5.639706 10.578513 -1.117896
-5.648950 10.582262 -1.087083
-5.633373 10.615872 -1.076331
-5.635034 10.635223 -1.047958
-5.627896 10.656736 -1.028907
-5.611933 10.670995 -1.017999
-5.586543 10.715170 -1.003683
-5.577165 10.722916 -1.012030
-5.554259 10.757600 -0.995721
-5.558605 10.763880 -1.006330
-5.535354 10.779676 -1.001085
-5.528982 10.817143 -0.990021
-5.527064 10.822375 -0.981410
-5.505087 10.836582 -0.974307
-5.457407 10.848926 -0.978274
-5.384125 10.917871 -0.990701
-5.310328 10.961349 -0.981229
-5.244189 11.020759 -0.974139
-5.212934 11.039010 -0.985301
-5.153447 11.098562 -1.019211
-5.131714 11.100382 -1.033571
-5.077722 11.144807 -1.047835
-5.240900 11.077629 -0.968740
-5.274819 11.107752 -0.943954
-5.533058 11.134326 -0.716247
-5.623992 11.193014 -0.577236
-5.725685 11.289209 -0.431892
-5.838123 11.373831 -0.260526
-5.913895 11.456483 -0.052903
-6.053393 11.499420 0.201789
-6.169027 11.563994 0.473318
-6.181362 11.623530 0.560383
-6.150583 11.780094 0.671927
-6.092450 11.944836 0.809060
-6.084405 12.040341 0.941728
-6.089822 12.208192 1.348287
-5.976146 12.354420 1.453853
-5.827680 12.530308 1.605927
-5.733062 12.643793 1.946525
-5.413846 12.958304 1.952571
-5.165156 13.182133 1.987719
-5.073505 13.193616 2.116107
-4.932949 13.304117 2.059904
-4.829450 13.371716 1.979732
-4.691007 13.508864 1.900965
-4.583075 13.645939 1.790913
-4.499043 13.767113 1.665194
-4.389547 13.900350 1.516148
-4.274675 14.045281 1.334049
-4.181120 14.184371 1.092120
-4.093861 14.302263 0.888111
-3.997893 14.476598 0.631548
-3.840326 14.664045 0.325944
-3.680042 14.842048 -0.011493
-3.550965 14.962119 -0.454447
-3.427613 15.067927 -0.735428
-3.319396 15.157460 -0.993640
-3.194462 15.288415 -1.245901