1679962794.350636 0.000000000 0.000000000 0.000000000 0.000000000 0.000000000 0.000000000 1.000000000
1679962794.350827 -0.002370151 0.008787390 0.028633518 0.010050222 0.017227182 -0.001377650 0.999800146
1679962794.350972 -0.003281097 0.019647928 0.065763980 0.018643757 0.033683524 -0.004239690 0.999249637
1679962794.351104 -0.004389930 0.031936865 0.102445625 0.019736374 0.051254168 -0.007550548 0.998462081
1679962794.351207 -0.005993125 0.041495614 0.128473565 0.021607984 0.070473336 -0.014105038 0.997179806
1679962794.351302 -0.002761343 0.050856553 0.158392638 0.022078119 0.088242523 -0.019273151 0.995667756
1679962794.351502 -0.002398022 0.060735349 0.187810674 0.022986932 0.108771175 -0.026139006 0.993457198
1679962794.351600 -0.004271163 0.069688477 0.217251211 0.024876876 0.130156815 -0.037922945 0.990455568
1679962794.351679 0.002568316 0.081916429 0.251992851 0.026355587 0.149534807 -0.045635935 0.987351060
1679962794.351762 0.010752155 0.091886878 0.288420677 0.027104948 0.170032069 -0.050051529 0.983793318
1679962794.351920 0.017235469 0.101613343 0.314159513 0.028996898 0.190638050 -0.059292838 0.979438961
1679962794.352021 0.028335663 0.115605921 0.344249189 0.032006737 0.210972279 -0.068912990 0.974534333
1679962794.352395 0.036066331 0.125065446 0.367899954 0.034503106 0.232190311 -0.080319181 0.968734205
1679962794.352512 0.044199988 0.129740551 0.387308836 0.035887297 0.252803236 -0.091184057 0.962542534
1679962794.352601 0.055441044 0.142362207 0.413907021 0.038639821 0.273194790 -0.101622701 0.955795169
1679962794.352696 0.062765352 0.153500646 0.435945213 0.041660942 0.294573635 -0.114253409 0.947859108
1679962794.352963 0.074812666 0.161896750 0.457231969 0.043688901 0.314506173 -0.124657467 0.940020025
1679962794.353063 0.079213880 0.165364236 0.468707740 0.043145075 0.334964752 -0.138486132 0.930998802
1679962794.353552 0.091003731 0.173208073 0.488761574 0.045153517 0.353515655 -0.150158823 0.922193170
1679962794.353664 0.100892156 0.180976227 0.508317828 0.047287501 0.371991545 -0.161806092 0.912800610
1679962794.353760 0.108481415 0.185150772 0.523345590 0.049346279 0.388867140 -0.173198238 0.903520703
1679962794.353887 0.113702498 0.185711548 0.532797813 0.051093999 0.404856801 -0.182996169 0.894423187
1679962794.353982 0.103482336 0.187857017 0.534167767 0.054151446 0.422925979 -0.193813339 0.883536994
1679962794.354109 0.122391678 0.190512359 0.548226476 0.055395152 0.436540872 -0.193039075 0.876983106
1679962794.354218 0.151513338 0.196113139 0.560116529 0.058603156 0.447871119 -0.188910842 0.871945977
1679962794.354431 0.181718975 0.210178152 0.570767343 0.064368181 0.459208906 -0.185441405 0.866369069
1679962794.354544 0.199039578 0.217528924 0.574556053 0.069038637 0.470929652 -0.181266874 0.860581934
1679962794.354634 0.206262723 0.218450591 0.579987168 0.071035616 0.483543128 -0.181346223 0.853377759
1679962794.354724 0.202482596 0.218416661 0.576778471 0.072985627 0.496248931 -0.180864483 0.845989466
1679962794.354869 0.200314000 0.221256405 0.565132201 0.076903276 0.506587565 -0.177847311 0.840134025
1679962794.355273 0.205009684 0.221470609 0.567482769 0.076843373 0.518093705 -0.181155622 0.832380116
1679962794.355372 0.202395871 0.218860790 0.568010330 0.074325621 0.530311465 -0.186553359 0.823676705
1679962794.355523 0.193865150 0.219660148 0.562932372 0.073307782 0.542661309 -0.191049218 0.814643979
1679962794.355616 0.188605547 0.219143227 0.559263885 0.070526525 0.552476048 -0.200570688 0.805957556
1679962794.355706 0.195148259 0.219948620 0.561801553 0.071742736 0.563317358 -0.202886581 0.797723949
1679962794.355831 0.201263964 0.221743599 0.565252602 0.070900939 0.573715329 -0.210003778 0.788493574
1679962794.355927 0.192799941 0.223644584 0.561290205 0.066407561 0.582476676 -0.225498885 0.778113842
1679962794.356026 0.175617740 0.219228923 0.549486995 0.063540317 0.593659997 -0.234166652 0.767265499
1679962794.356115 0.178865343 0.219765916 0.549896121 0.065397501 0.606094956 -0.234927356 0.757087350
1679962794.356198 0.190919891 0.221476540 0.557249904 0.066481911 0.619256556 -0.238895401 0.745003641
1679962794.356288 0.201169863 0.225969598 0.565113127 0.065521814 0.634015679 -0.245525375 0.730375409
1679962794.356387 0.215251520 0.225621611 0.568036199 0.066670701 0.647142231 -0.246025711 0.718493760
1679962794.356472 0.229284972 0.224838808 0.570313752 0.067338690 0.660212755 -0.246137545 0.706399977
1679962794.356569 0.233308211 0.225403741 0.574045897 0.067554377 0.674959958 -0.247506514 0.691813529
1679962794.356663 0.236950055 0.224796608 0.574167728 0.067937844 0.688499987 -0.247546226 0.678286850
1679962794.356751 0.237581164 0.224656999 0.573666990 0.067517050 0.700872362 -0.248166919 0.665306389
1679962794.356872 0.237183154 0.225511640 0.575307965 0.067657933 0.714079440 -0.248918563 0.650809050
1679962794.356972 0.241529569 0.225121483 0.576076865 0.067793868 0.728819132 -0.248621061 0.634361207
1679962794.357187 0.242765427 0.225238606 0.575473607 0.067456461 0.741559744 -0.248918161 0.619337261
1679962794.357301 0.245309219 0.225125253 0.575485885 0.066187099 0.754569948 -0.249229342 0.603430390
1679962794.357392 0.249466360 0.225035608 0.575396061 0.065839596 0.767906606 -0.249131307 0.586445391
1679962794.357488 0.251320273 0.224448413 0.574927092 0.064811893 0.779942632 -0.248593524 0.570692658
1679962794.357596 0.254100591 0.224582106 0.573716760 0.064729728 0.791200876 -0.248292014 0.555123687
1679962794.357751 0.254800320 0.223702177 0.572659850 0.063227348 0.801448822 -0.247507334 0.540760696
1679962794.357859 0.257762760 0.223464087 0.570466340 0.062529743 0.810756326 -0.246395752 0.527307630
1679962794.357963 0.259801507 0.223265499 0.567830920 0.060530201 0.818636477 -0.245680213 0.515569329
1679962794.358060 0.261303216 0.222695619 0.565322399 0.058290966 0.825467825 -0.244461849 0.505414009
1679962794.358152 0.264722198 0.222458676 0.562822223 0.056758810 0.831931591 -0.243822277 0.495195866
1679962794.358248 0.266371489 0.222132698 0.559488058 0.054471582 0.836394191 -0.243543670 0.488020539
1679962794.358353 0.267980248 0.222169861 0.557234526 0.052256040 0.840092063 -0.243577510 0.481855363
1679962794.358442 0.270447791 0.222057641 0.554622114 0.050337825 0.842714429 -0.243876457 0.477307796
1679962794.358531 0.271524072 0.221109226 0.551519156 0.047154054 0.843458652 -0.243841290 0.476335377
1679962794.358641 0.275922537 0.221186951 0.547354937 0.044556856 0.843414307 -0.244816735 0.476163596
1679962794.358804 0.279581785 0.220764384 0.543280482 0.041546106 0.841315329 -0.245542139 0.479761928
1679962794.358878 0.283905804 0.220467016 0.539274573 0.039020170 0.837538719 -0.245819241 0.486394107
1679962794.358972 0.289852709 0.219436735 0.532992959 0.034809280 0.832366824 -0.245016947 0.495903730
1679962794.359068 0.294322103 0.219172344 0.528611839 0.029923571 0.825616896 -0.243730709 0.507992804
1679962794.359125 0.297908306 0.219073549 0.524748445 0.025983160 0.817800045 -0.242264435 0.521378875
1679962794.359176 0.302502871 0.218464285 0.520500541 0.021938711 0.809143186 -0.240536258 0.535675585
1679962794.359230 0.307616234 0.217697367 0.518190563 0.017337907 0.800613761 -0.238610744 0.549346805
1679962794.359280 0.311358243 0.217657015 0.514222324 0.014391751 0.789965510 -0.236900866 0.565354168
1679962794.359332 0.314831764 0.217078164 0.513213813 0.010579609 0.780035436 -0.234453738 0.580055475
1679962794.359384 0.317336619 0.217440844 0.513532937 0.008081382 0.770770431 -0.232166752 0.593250573
1679962794.359440 0.321509898 0.217193723 0.510479808 0.005821222 0.759266317 -0.229606539 0.608902037
1679962794.359488 0.325606227 0.216753781 0.507745266 0.004328107 0.748418689 -0.225948170 0.623536825
1679962794.359554 0.330416799 0.217481211 0.505187929 0.003850607 0.737544656 -0.223182932 0.637340188
1679962794.359603 0.336890399 0.217569008 0.501362324 0.003656464 0.727579951 -0.219188869 0.650054038
1679962794.359652 0.338707089 0.218185663 0.502121806 0.004723752 0.719482064 -0.214789957 0.660445690
1679962794.359734 0.345688611 0.217740387 0.499638915 0.004119422 0.711745799 -0.209601477 0.670423865
1679962794.359787 0.349404901 0.219319597 0.498587936 0.004732048 0.705334365 -0.204973862 0.678577006
1679962794.359841 0.352759570 0.219316080 0.498352468 0.006039164 0.701639652 -0.197626427 0.684550285
1679962794.359890 0.357780010 0.220524013 0.497501045 0.008712356 0.699460208 -0.191063002 0.688603222
1679962794.359938 0.357991666 0.221210644 0.500214994 0.009207878 0.699959397 -0.183991373 0.690013945
1679962794.359990 0.359672129 0.222184137 0.501631498 0.010371334 0.702591538 -0.173959121 0.689924479
1679962794.360041 0.363548279 0.220540673 0.503117263 0.012891414 0.708733082 -0.157465309 0.687557995
1679962794.360094 0.363242060 0.220195502 0.507235169 0.015171580 0.716047645 -0.142895311 0.683100641
1679962794.360141 0.368533015 0.220627442 0.508653164 0.017713746 0.724891245 -0.128405884 0.676558077
1679962794.360188 0.376378357 0.220928803 0.506363332 0.019311113 0.732570052 -0.113799959 0.670833647
1679962794.360247 0.383110046 0.220250040 0.501154006 0.020741457 0.739013255 -0.098144554 0.666180789
1679962794.360297 0.387977719 0.218962386 0.497360229 0.021927828 0.746422112 -0.081700556 0.660074472
1679962794.360343 0.389545113 0.219716892 0.496793002 0.023581222 0.754612267 -0.065863825 0.652430952
1679962794.360392 0.397735119 0.220314980 0.492946565 0.025784897 0.764271319 -0.049990032 0.642437220
1679962794.360440 0.394891113 0.220059365 0.493388355 0.027248161 0.772122800 -0.033461191 0.634006560
1679962794.360491 0.394574016 0.220468774 0.492956519 0.026382061 0.780357361 -0.018167941 0.624512792
1679962794.360537 0.399178058 0.220623747 0.490344375 0.026570458 0.789474845 -0.003099498 0.613199711
1679962794.360584 0.402611941 0.220710859 0.488265246 0.027275145 0.797931314 0.012210005 0.602007091
1679962794.360631 0.406570941 0.221683487 0.486274868 0.028935997 0.806843996 0.026398335 0.589464664
1679962794.360713 0.410441011 0.221869782 0.483314246 0.028845143 0.815050185 0.040716972 0.577237666
1679962794.360766 0.414394528 0.222341597 0.481056988 0.030192118 0.823163807 0.054517936 0.564373672
1679962794.360816 0.419314921 0.223223194 0.478800535 0.031360101 0.830820978 0.067764431 0.551507950
1679962794.360867 0.421344042 0.223146021 0.476952374 0.030599104 0.837543845 0.080835015 0.539490283
1679962794.360917 0.425249457 0.224553794 0.474918216 0.033030875 0.844306290 0.092454694 0.526790321
1679962794.360973 0.430591673 0.225805432 0.472825766 0.035173442 0.850761175 0.104077026 0.513941884
1679962794.361022 0.434401691 0.227174103 0.470577717 0.036804914 0.856197774 0.114719987 0.502404332
1679962794.361071 0.438929439 0.227512956 0.468315274 0.037127174 0.861247003 0.124751173 0.491235465
1679962794.361122 0.441369087 0.228676483 0.466629863 0.037692521 0.865292013 0.133788809 0.481611460
1679962794.361168 0.442671210 0.229553655 0.465671360 0.039657481 0.868667901 0.142342284 0.472844571
1679962794.361217 0.443801641 0.229725018 0.464517087 0.038655501 0.871790767 0.149381310 0.464942813
1679962794.361261 0.444259465 0.231058791 0.463515252 0.035212282 0.874491334 0.153609514 0.458725631
1679962794.361307 0.445406705 0.230700925 0.463222682 0.033533327 0.877009749 0.158074602 0.452484131
1679962794.361356 0.446341902 0.231481910 0.462271810 0.031814884 0.878823936 0.161715791 0.447777063
1679962794.361401 0.447652906 0.232117683 0.461363882 0.030010797 0.880407512 0.164864212 0.443623483
1679962794.361453 0.447554231 0.232516602 0.461266220 0.029443653 0.881109655 0.167912260 0.441117197
1679962794.361517 0.448475569 0.232735202 0.461122215 0.027360862 0.881962240 0.169569954 0.438907802
1679962794.361568 0.450620741 0.233166084 0.459466875 0.027129646 0.882386804 0.171723843 0.437228143
1679962794.361618 0.450217158 0.233056486 0.458847255 0.026472401 0.882015288 0.173008382 0.437511474
1679962794.361696 0.452046722 0.232882991 0.458039045 0.025646849 0.881740391 0.173671156 0.437852055
1679962794.361748 0.450979590 0.232530311 0.458399147 0.024718571 0.881139994 0.173134655 0.439324200
1679962794.361794 0.452654541 0.232359573 0.457737595 0.025181888 0.880209804 0.172419593 0.441438586
1679962794.361840 0.454483628 0.232092828 0.456760913 0.028106363 0.878381252 0.171167612 0.445374072
1679962794.361892 0.454944193 0.232830957 0.455913275 0.029740600 0.876577079 0.168275222 0.449901730
1679962794.361940 0.456034452 0.232261837 0.455793470 0.028627239 0.874488294 0.163521811 0.455753595
1679962794.361990 0.455462277 0.232358232 0.456190079 0.024541806 0.871860087 0.156083554 0.463568300
1679962794.362039 0.454026431 0.232242391 0.457841724 0.019508366 0.868699312 0.147839636 0.472360432
1679962794.362089 0.454742402 0.232547894 0.456807554 0.014528341 0.865049779 0.137495875 0.482257903
1679962794.362138 0.455176532 0.232059166 0.457023144 0.008889929 0.860734344 0.127050892 0.492864460
1679962794.362185 0.456528664 0.232176587 0.456315309 0.003845171 0.856072187 0.115227461 0.503833473
1679962794.362233 0.455995172 0.232288435 0.455917597 -0.002742301 0.850233138 0.102674626 0.516288638
1679962794.362291 0.459422469 0.233461037 0.454681426 -0.010344294 0.844820261 0.088645615 0.527554393
1679962794.362342 0.463542908 0.234910980 0.450604260 -0.017104900 0.838045180 0.074471600 0.540223777
1679962794.362390 0.467834175 0.234901100 0.447795570 -0.021434985 0.830659211 0.060710687 0.553046107
1679962794.362435 0.471908510 0.235277086 0.445865422 -0.027175039 0.823063254 0.046648920 0.565378010
1679962794.362486 0.473297685 0.234415695 0.446128100 -0.034142639 0.814388752 0.033696666 0.578333616
1679962794.362550 0.479234576 0.232944965 0.441582143 -0.039869912 0.805076897 0.020401845 0.591477275
1679962794.362600 0.482805192 0.231610358 0.440103740 -0.045574874 0.795936048 0.007616722 0.603614628
1679962794.362686 0.488735735 0.231034487 0.436386704 -0.050338291 0.785791278 -0.005510259 0.616415262
1679962794.362741 0.494874418 0.230107889 0.432933480 -0.054980420 0.775839448 -0.017561903 0.628284931
1679962794.362799 0.502857745 0.230168596 0.430102259 -0.061353751 0.766104400 -0.029445531 0.639103055
1679962794.362856 0.510194182 0.228388205 0.428007126 -0.066711739 0.756318569 -0.038955398 0.649626195
1679962794.362908 0.524243653 0.229298934 0.422734976 -0.071309701 0.746469140 -0.049792204 0.659711659
1679962794.362957 0.541802764 0.229489714 0.415543526 -0.075201750 0.737229109 -0.059512347 0.668802142
1679962794.363010 0.560514748 0.228502497 0.407274902 -0.079148762 0.728301227 -0.066695847 0.677395403
1679962794.363110 0.581468523 0.225334331 0.403053075 -0.084067427 0.719623148 -0.071082309 0.685581863
1679962794.363164 0.604502797 0.223298997 0.398635954 -0.079647586 0.712394297 -0.063225970 0.694372475
1679962794.363215 0.635036826 0.223788485 0.398302913 -0.075327106 0.706548333 -0.054699305 0.701515019
1679962794.363261 0.680840969 0.217757732 0.399650574 -0.072487950 0.701500654 -0.043780468 0.707619667
1679962794.363310 0.738203168 0.217716068 0.405133605 -0.071530879 0.697448492 -0.034384884 0.712226510
1679962794.363356 0.777801275 0.231115371 0.415780932 -0.069717318 0.694761217 -0.028176244 0.715298831
1679962794.363403 0.823570728 0.250619620 0.439438313 -0.067702718 0.694196463 -0.021558426 0.716270089
1679962794.363452 0.864906669 0.277393550 0.442412227 -0.065320693 0.693514764 -0.017990900 0.717249513
1679962794.363511 0.907368541 0.297628105 0.452388525 -0.066392660 0.694166720 -0.013831399 0.716612339
1679962794.363556 0.948402524 0.343619049 0.476071537 -0.066848658 0.697531760 -0.014991044 0.713271320
1679962794.363658 0.995653033 0.390428662 0.494837046 -0.068370610 0.701004684 -0.016768765 0.709673643
1679962794.363712 1.044767618 0.429352015 0.503516674 -0.070006259 0.704798222 -0.016651528 0.705748796
1679962794.363760 1.085394144 0.442072988 0.518015385 -0.074918829 0.710402846 -0.014300187 0.699650228
1679962794.363823 1.121076822 0.466768861 0.530930877 -0.079458691 0.717381537 -0.014713695 0.691978037
1679962794.363876 1.149319291 0.483613670 0.550088406 -0.085682623 0.725854456 -0.014835940 0.682329655
1679962794.363926 1.180444598 0.503313363 0.565106452 -0.095183365 0.733944893 -0.013604739 0.672368944
1679962794.364103 1.199048996 0.525553703 0.581214368 -0.106241494 0.742238998 -0.012902426 0.661534190
1679962794.364161 1.216769457 0.539780378 0.588038623 -0.118170582 0.750015199 -0.010426401 0.650695205
1679962794.364288 1.237123013 0.540094972 0.595774651 -0.132019028 0.758355975 -0.005131755 0.638310909
1679962794.364339 1.247753024 0.541611433 0.598224699 -0.147222236 0.766446054 0.000179678 0.625208795
1679962794.364386 1.246654510 0.542040348 0.592514038 -0.154971942 0.774008751 0.011341171 0.613812208
1679962794.364435 1.248096466 0.544535100 0.587485671 -0.158172131 0.782724977 0.028289005 0.601267755
1679962794.364480 1.252813101 0.546146810 0.588608563 -0.161609367 0.792274058 0.047366545 0.586464465
1679962794.364530 1.269162655 0.551561117 0.581595600 -0.164674446 0.801311612 0.067962803 0.571106851
1679962794.364601 1.304763913 0.573892117 0.551920414 -0.164565414 0.809671819 0.087580763 0.556488395
1679962794.364655 1.323244452 0.579774082 0.542223096 -0.166953340 0.817713141 0.112235561 0.539328218
1679962794.364702 1.361648560 0.596202314 0.529394567 -0.168610767 0.825875938 0.136599079 0.520422816
1679962794.364748 1.417902827 0.612275481 0.517386377 -0.170502856 0.833874643 0.163909465 0.498713851
1679962794.364794 1.487171888 0.623853445 0.501814127 -0.172963634 0.840383947 0.193437621 0.475836426
1679962794.364849 1.533749104 0.658210933 0.509275019 -0.174789131 0.847334206 0.216774777 0.452197045
1679962794.364896 1.581358790 0.689416349 0.494651705 -0.174060658 0.851211727 0.241826147 0.432043463
1679962794.364943 1.653485894 0.723381817 0.495677710 -0.171593919 0.856965065 0.267790228 0.405530185
1679962794.364986 1.722925186 0.757499754 0.485730290 -0.167608902 0.860060513 0.293865591 0.381898075
1679962794.365035 1.776317000 0.796768725 0.466138959 -0.164274618 0.860085130 0.317487568 0.363963038
1679962794.365079 1.845050693 0.844334126 0.452392966 -0.160217643 0.860511243 0.339475155 0.344394118
1679962794.365132 1.917992353 0.891524196 0.436507165 -0.154257670 0.859764874 0.361383617 0.326206714
1679962794.365180 1.981691480 0.938638508 0.418641955 -0.149390072 0.857022643 0.381192386 0.312869161
1679962794.365230 2.047287464 0.988213718 0.405774891 -0.141866818 0.854369462 0.399089605 0.301088184
1679962794.365274 2.104082584 1.044951797 0.389680773 -0.136146665 0.850925207 0.412159383 0.295829415
1679962794.365321 2.156761646 1.095444560 0.377898753 -0.129190177 0.846575618 0.424493402 0.293981165
1679962794.365369 2.205500364 1.136918783 0.367114484 -0.121115543 0.841713011 0.435260683 0.295632184
1679962794.365417 2.248628378 1.180224538 0.360184729 -0.115096472 0.836364448 0.442484915 0.302414298
1679962794.365467 2.292032003 1.220453858 0.360671133 -0.112763904 0.830716789 0.444455147 0.315679580
1679962794.365523 2.334202051 1.258175492 0.359936237 -0.108646750 0.824045837 0.445594132 0.332551181
1679962794.365602 2.373235941 1.302413106 0.359359741 -0.105560429 0.817927718 0.442151427 0.352637678
1679962794.365654 2.410137892 1.341157794 0.356918246 -0.100816838 0.810070515 0.439760655 0.374475986
1679962794.365703 2.447819471 1.373008251 0.359854281 -0.093110226 0.802315950 0.436330974 0.396528542
1679962794.365749 2.504653215 1.431120872 0.365694493 -0.084920116 0.795338690 0.429655910 0.419071376
1679962794.365796 2.551035166 1.477519870 0.371719420 -0.074827895 0.787338078 0.423103660 0.442134440
1679962794.365846 2.584429502 1.521246552 0.375489384 -0.065763906 0.778029680 0.414606065 0.467382908
1679962794.365989 2.633191109 1.568795919 0.373097926 -0.052889310 0.767127931 0.408663988 0.491641343
1679962794.366046 2.692307711 1.637749195 0.376750916 -0.040390421 0.756946325 0.399710357 0.515395522
1679962794.366092 2.759546995 1.704299688 0.388930470 -0.025921509 0.746872365 0.392015249 0.536501408
1679962794.366138 2.825176001 1.772723556 0.391180098 -0.010785228 0.734450996 0.385402024 0.558507502
1679962794.366206 2.894469261 1.858480573 0.386102289 0.004603037 0.720080912 0.377145410 0.582428992
1679962794.366249 2.957394123 1.935270309 0.380253464 0.017927729 0.703419209 0.367524922 0.608116329
1679962794.366389 3.048326731 1.993179440 0.400230914 0.026846010 0.690796256 0.360370547 0.626268983
1679962794.366451 3.123175859 2.073098421 0.449332267 0.038508140 0.681546092 0.347547114 0.642824233
1679962794.366502 3.175062656 2.126067400 0.475336909 0.048764918 0.668671250 0.336515009 0.661255181
1679962794.366826 3.188913822 2.130819321 0.488967270 0.057392687 0.658023894 0.327061504 0.675826490
1679962794.366896 3.180117607 2.116484165 0.492733300 0.062961958 0.648238599 0.317536861 0.689197242
1679962794.366948 3.194765091 2.127299309 0.499354810 0.069214925 0.638795614 0.308063835 0.701602578
1679962794.367201 3.208229542 2.138037443 0.503270805 0.075273044 0.631197274 0.299225926 0.711609304
1679962794.367267 3.227657795 2.152637005 0.511667490 0.080549240 0.624182522 0.292161614 0.720103860
1679962794.367320 3.269077778 2.183182001 0.527916193 0.086119369 0.617665589 0.287288696 0.727006078
1679962794.367369 3.339680672 2.226464272 0.543123364 0.091016017 0.610010087 0.282946825 0.734537184
1679962794.367419 3.393355370 2.256099463 0.564056158 0.094038405 0.606816709 0.278409570 0.738524437
1679962794.367538 3.458370686 2.295622587 0.587013006 0.097003572 0.604147673 0.273800284 0.742043972
1679962794.367595 3.523125172 2.343748093 0.615958273 0.101232618 0.602429748 0.269827604 0.744327486
1679962794.367644 3.595052004 2.393088341 0.561865449 0.102869093 0.594665468 0.267001837 0.751332760
1679962794.367725 3.666427135 2.435955524 0.566614628 0.104043618 0.593584836 0.265141338 0.752683222
1679962794.367787 3.743257523 2.484523058 0.564033091 0.104915977 0.592432201 0.262311190 0.754459798
1679962794.367947 3.812859058 2.539862871 0.570850313 0.107669540 0.592160285 0.259576857 0.755230665
1679962794.367999 3.889566183 2.580811501 0.580105722 0.107230388 0.593739212 0.258275568 0.754499257
1679962794.368078 3.963962555 2.627032995 0.587902904 0.107233129 0.595942438 0.254701138 0.753976762
1679962794.368132 4.040482044 2.689662457 0.571057737 0.108925253 0.595721662 0.252624780 0.754606962
1679962794.368212 4.112685204 2.740940332 0.565074444 0.109113678 0.597990751 0.250259072 0.753572643
1679962794.368313 4.172446251 2.776714802 0.569306254 0.109186187 0.600913763 0.248127744 0.751939952
1679962794.368385 4.215204239 2.802924871 0.567566097 0.108626276 0.603877723 0.245342255 0.750559270
1679962794.368432 4.248565674 2.823005199 0.570396841 0.107713118 0.607159615 0.242316201 0.749024689
1679962794.368501 4.278657436 2.845757723 0.582599461 0.106599167 0.611167669 0.237256870 0.747542560
1679962794.368566 4.286122799 2.850410223 0.584495962 0.104647651 0.615479290 0.231589302 0.746056616
1679962794.368614 4.290614128 2.853561640 0.583910286 0.103116520 0.618939936 0.226639211 0.744926155
1679962794.368661 4.293603897 2.855857372 0.584775925 0.100939848 0.622418821 0.219719455 0.744398534
1679962794.368708 4.302360058 2.860480309 0.586672723 0.098211586 0.626747847 0.213277206 0.743003666
1679962794.368753 4.308372974 2.864963293 0.586830854 0.095831878 0.629691362 0.205956578 0.742890954
1679962794.368798 4.315773010 2.869809866 0.587780476 0.093629055 0.632635713 0.198855236 0.742605031
1679962794.368845 4.323811054 2.874119282 0.589750171 0.089929178 0.636350751 0.190415338 0.742100000
1679962794.368893 4.333063602 2.879095316 0.590956390 0.087511040 0.638727784 0.183427110 0.742107213
1679962794.368942 4.339231491 2.884548664 0.592615187 0.084851548 0.640022695 0.175367206 0.743247926
1679962794.368989 4.345284939 2.888134480 0.595154166 0.081549220 0.642113626 0.167053208 0.743729115
1679962794.369036 4.349662304 2.890075684 0.596227646 0.078303449 0.643460453 0.160315990 0.744396389
1679962794.369081 4.358150005 2.895185232 0.598845184 0.075010128 0.643403172 0.152814686 0.746360183
1679962794.369128 4.363876820 2.897877455 0.601175308 0.071182758 0.642259002 0.144975051 0.749278784
1679962794.369177 4.371833324 2.902982473 0.602718174 0.068740755 0.640077591 0.138431132 0.752603590
1679962794.369224 4.374321461 2.905783176 0.604045987 0.065517612 0.637090683 0.132108793 0.756551504
1679962794.369276 4.380891800 2.909518719 0.606079340 0.061749112 0.632495761 0.126049429 0.761739910
1679962794.369325 4.383179188 2.910566092 0.607268751 0.058130372 0.627009988 0.120126672 0.767495155
1679962794.369371 4.390431404 2.915456295 0.610186279 0.054095238 0.619802952 0.114884377 0.774415612
1679962794.369420 4.395715237 2.918371201 0.613412499 0.049869571 0.611518323 0.110131420 0.781939507
1679962794.369495 4.406557560 2.923037052 0.617192030 0.045632657 0.601394713 0.106511697 0.790504456
1679962794.369547 4.413782120 2.926416636 0.621300817 0.040979192 0.590156078 0.103650063 0.799558163
1679962794.369596 4.417838573 2.929662466 0.624618351 0.036801346 0.578100979 0.102749765 0.808633029
1679962794.369642 4.426499844 2.935059786 0.626657724 0.033015978 0.562625587 0.101306953 0.819816589
1679962794.369695 4.432493687 2.938079596 0.627786458 0.029406400 0.546557963 0.101315737 0.830749512
1679962794.369767 4.439454079 2.943037987 0.631099999 0.026578179 0.531638026 0.102769487 0.840293467
1679962794.369833 4.446384430 2.947257042 0.634242654 0.022222716 0.515072703 0.103141293 0.850628078
1679962794.369878 4.451888084 2.948877335 0.638190031 0.020311479 0.500352979 0.111185312 0.858412623
1679962794.369925 4.458202362 2.952473640 0.642116845 0.020190947 0.484282702 0.118575692 0.866603971
1679962794.369984 4.465458870 2.957275391 0.645278454 0.018641170 0.467447311 0.124307632 0.875038922
1679962794.370033 4.471759796 2.961002588 0.648189127 0.017556652 0.452396482 0.131753221 0.881856143
1679962794.370084 4.477337837 2.963856936 0.652084053 0.017142488 0.437012881 0.138532653 0.888557553
1679962794.370130 4.484643936 2.968864202 0.655657411 0.014720483 0.422865659 0.142931610 0.894728184
1679962794.370173 4.492597103 2.973366499 0.659683704 0.012401470 0.410441786 0.147591114 0.899778068
1679962794.370215 4.499283791 2.974950552 0.662448287 0.010131061 0.398865879 0.153898731 0.903946102
1679962794.370260 4.503930092 2.979273081 0.664662063 0.011745621 0.388342917 0.158531636 0.907700121
1679962794.370308 4.510915279 2.983213902 0.669181049 0.009208629 0.381464213 0.161297157 0.910155773
1679962794.370353 4.516705990 2.987212658 0.673188567 0.006914116 0.376745701 0.162770897 0.911877453
1679962794.370399 4.521678448 2.990555525 0.675302863 0.006082028 0.373822778 0.165410295 0.912611067
1679962794.370502 4.527409077 2.994535208 0.674894571 0.005614080 0.370325893 0.166849971 0.913776934
1679962794.370561 4.528226852 2.995019197 0.673776150 0.004345909 0.371312022 0.167662665 0.913234770
1679962794.370620 4.533705235 2.998571396 0.676762879 0.004162984 0.377899617 0.171349466 0.909842789
1679962794.370673 4.539686203 3.002756834 0.677955389 0.004526311 0.386414915 0.175195977 0.905521631
1679962794.370724 4.542690754 3.005718231 0.677266657 0.005724478 0.397941947 0.178505480 0.899858475
1679962794.370777 4.544213295 3.006723166 0.677169502 0.006238637 0.411708593 0.182002321 0.892934620
1679962794.370833 4.548868179 3.009127855 0.679073751 0.006480981 0.428437263 0.184930593 0.884420812
1679962794.370882 4.551424503 3.010778189 0.680458724 0.007421720 0.446624011 0.187223598 0.874882460
1679962794.370931 4.555844307 3.014496803 0.681300879 0.007912008 0.465444654 0.189056352 0.864613414
1679962794.370985 4.558187962 3.016235113 0.681452394 0.008042461 0.485381961 0.189351916 0.853513658
1679962794.371092 4.565610409 3.022140026 0.683893740 0.010274029 0.507070005 0.190494552 0.840527356
1679962794.371146 4.573564529 3.027121305 0.685959697 0.011152756 0.528564453 0.191716060 0.826885819
1679962794.371191 4.578948021 3.030072689 0.687217593 0.012167605 0.549700022 0.192749545 0.812729657
1679962794.371237 4.583714485 3.033879280 0.687457025 0.013591852 0.570733845 0.193171471 0.797974229
1679962794.371283 4.581858158 3.033326387 0.686540246 0.014252925 0.591321647 0.192775175 0.782926142
1679962794.371328 4.581844330 3.033124924 0.685808778 0.015207685 0.610896707 0.191955253 0.767936945
1679962794.371376 4.587353706 3.036357641 0.687089205 0.015521860 0.630921245 0.192540571 0.751415730
1679962794.371459 4.590056896 3.038333416 0.686748564 0.016503954 0.649372935 0.192223072 0.735590041
1679962794.371516 4.598849297 3.045037746 0.688257217 0.015684612 0.666893244 0.190645844 0.720181644
1679962794.371570 4.606113434 3.050069809 0.688430369 0.014416233 0.682661474 0.190219581 0.705394924
1679962794.371613 4.614689827 3.057402372 0.690386176 0.011535419 0.697763503 0.186769024 0.691455245
1679962794.371659 4.623091698 3.062568188 0.690775454 0.008855748 0.710908175 0.186103702 0.678156793
1679962794.371705 4.631200790 3.068901539 0.691987276 0.005028618 0.721901774 0.184885770 0.666820645
1679962794.371752 4.635168552 3.073045969 0.692326605 -0.002214565 0.730522811 0.179671586 0.658824444
1679962794.371798 4.639402866 3.077486753 0.691461086 -0.007045309 0.737916350 0.179355875 0.650585353
1679962794.371846 4.645082474 3.079649687 0.692900956 -0.016706975 0.744514942 0.177260742 0.643425941
1679962794.371893 4.646719933 3.081548691 0.691504121 -0.021980353 0.750323832 0.179362535 0.635893106
1679962794.371939 4.656323433 3.089105844 0.689334869 -0.029096257 0.754410207 0.180269897 0.630492985
1679962794.371985 4.666271687 3.097792625 0.685918152 -0.035082858 0.758117437 0.183082655 0.624906242
1679962794.372030 4.671273232 3.101194859 0.684396863 -0.043130331 0.761369824 0.186328560 0.619465351
1679962794.372076 4.677448273 3.103523731 0.682024658 -0.048278209 0.765558898 0.194085911 0.611489594
1679962794.372121 4.680874825 3.107364416 0.680983543 -0.053781509 0.768946946 0.199917182 0.604864717
1679962794.372170 4.677006245 3.105523586 0.680657685 -0.060683236 0.772523344 0.204490572 0.598087668
1679962794.372216 4.676862717 3.106484652 0.679315507 -0.065687910 0.776426733 0.211389959 0.590051591
1679962794.372271 4.681980133 3.112061024 0.677044392 -0.073341608 0.779948890 0.215628281 0.582928240
1679962794.372322 4.681241989 3.111124992 0.677889526 -0.081702620 0.785372674 0.220068306 0.572786570
1679962794.372368 4.681767941 3.113459349 0.677289784 -0.084977366 0.792390764 0.229906037 0.558604360
1679962794.372455 4.680574417 3.112088203 0.678573251 -0.089614525 0.800023913 0.239868343 0.542581022
1679962794.372502 4.681258202 3.112367392 0.677384734 -0.096101977 0.807856977 0.247441337 0.526216924
1679962794.372547 4.675305843 3.111034393 0.677881479 -0.099688783 0.816467464 0.254872710 0.508412123
1679962794.372594 4.682141781 3.126493931 0.670672238 -0.107761361 0.823493481 0.253285378 0.496077180
1679962794.372637 4.700073719 3.147506714 0.663354397 -0.115814812 0.830965579 0.249584153 0.483519226
1679962794.372683 4.731564045 3.176758528 0.656427264 -0.122535110 0.839979231 0.247945964 0.466843486
1679962794.372732 4.760221004 3.203920603 0.645788670 -0.128472209 0.849143267 0.247394502 0.448605090
1679962794.372779 4.790340424 3.230969667 0.635939598 -0.133599848 0.860556602 0.244404808 0.426450014
1679962794.372826 4.791543961 3.270313501 0.596006155 -0.133638367 0.869137466 0.241517723 0.410377890
1679962794.372875 4.776569843 3.301517248 0.546366811 -0.134687871 0.876303136 0.239154041 0.395925879
1679962794.372921 4.777479649 3.328393936 0.482624292 -0.139130518 0.882517397 0.238552332 0.380655408
1679962794.372974 4.790433884 3.412898779 0.391640216 -0.143127292 0.889992356 0.235152766 0.363498718
1679962794.373020 4.790921688 3.491367102 0.319645554 -0.141840860 0.900193095 0.229270965 0.342006326
1679962794.373069 4.798410892 3.552685738 0.253965974 -0.141582131 0.909552276 0.224588886 0.319732755
1679962794.373115 4.805571556 3.594288588 0.211830273 -0.142477110 0.918443382 0.218948171 0.297024637
1679962794.373163 4.797653675 3.633782387 0.151734486 -0.141236126 0.925767899 0.215041071 0.277062297
1679962794.373212 4.788045406 3.664447546 0.098821044 -0.141725004 0.932460904 0.210284531 0.257315159
1679962794.373260 4.763086319 3.693311214 0.050132580 -0.140383959 0.938772678 0.204401925 0.239202932
1679962794.373307 4.771460533 3.734241724 0.001234554 -0.139780194 0.945922852 0.199300155 0.214408323
1679962794.373382 4.762802124 3.772984505 -0.046835944 -0.136022329 0.952375710 0.193525895 0.192421779
1679962794.373442 4.748391628 3.804931164 -0.095154852 -0.135975748 0.957286716 0.187825769 0.172725856
1679962794.373491 4.761400700 3.846184254 -0.157722354 -0.134120449 0.962186933 0.183659941 0.149923578
1679962794.373541 4.737649441 3.903985023 -0.223721310 -0.131063074 0.966400683 0.176796973 0.132797211
1679962794.373588 4.736267567 3.943866014 -0.270040989 -0.128665507 0.970272362 0.171739161 0.111903362
1679962794.373635 4.744665623 3.970797062 -0.311107427 -0.127473518 0.973209262 0.167710394 0.092127681
1679962794.373691 4.742686749 3.998568535 -0.355045885 -0.136973068 0.973862588 0.164383173 0.076211572
1679962794.373737 4.734859943 4.021009922 -0.377759367 -0.143786386 0.974529922 0.161231324 0.060178310
1679962794.373785 4.729320526 4.045322418 -0.419488609 -0.153484777 0.974219263 0.157726526 0.049615126
1679962794.373833 4.728871822 4.050078392 -0.426195025 -0.161281288 0.973991334 0.154969394 0.036245830
1679962794.373880 4.735546589 4.059447289 -0.442341775 -0.168087214 0.973474801 0.153458521 0.023324559
1679962794.373929 4.741491795 4.063164711 -0.450462848 -0.174460977 0.972698331 0.152672306 0.010606187
1679962794.373976 4.746212006 4.070979595 -0.470224559 -0.179390192 0.971879125 0.152540341 0.001251297
1679962794.374022 4.751845360 4.077240944 -0.484046757 -0.182969034 0.971173823 0.152621552 -0.007098027
1679962794.374070 4.751338005 4.080908298 -0.482443422 -0.187487870 0.970310450 0.152143836 -0.014076005
1679962794.374123 4.750372410 4.083408833 -0.484983414 -0.189958736 0.969728231 0.152136505 -0.019932192
1679962794.374172 4.753489017 4.084672928 -0.492385566 -0.191703409 0.969065130 0.153342381 -0.025468366
1679962794.374220 4.753705502 4.091917038 -0.501494825 -0.193615153 0.968633056 0.153162792 -0.028360946
1679962794.374279 4.751786709 4.094157219 -0.505108476 -0.194566593 0.968311727 0.153734967 -0.029694222
1679962794.374356 4.753118992 4.096446991 -0.509709835 -0.194106698 0.968279898 0.154284060 -0.030871082
1679962794.374440 4.751753807 4.098754883 -0.516521752 -0.192917556 0.968392968 0.155251920 -0.029911751
1679962794.374531 4.751143456 4.100640774 -0.520018816 -0.192155570 0.968566716 0.155444071 -0.028140157
1679962794.374622 4.751247883 4.103219986 -0.525925815 -0.189872280 0.968889415 0.156666934 -0.025637085
1679962794.374717 4.752775669 4.108815670 -0.534496367 -0.188423693 0.969147742 0.157323882 -0.022323286
1679962794.374818 4.752380371 4.110416412 -0.540715694 -0.186204657 0.969594240 0.157836705 -0.017389700
1679962794.374918 4.749840736 4.112647533 -0.547163785 -0.184122279 0.970046043 0.158062890 -0.011217252
1679962794.375100 4.753171921 4.112655163 -0.542566895 -0.193120718 0.968316495 0.158310071 -0.002330745
1679962794.375205 4.752250195 4.108585835 -0.532938898 -0.201854378 0.966444433 0.158654079 0.008294300
1679962794.375294 4.750816345 4.112118721 -0.539880991 -0.211834058 0.964055598 0.159030408 0.020795500
1679962794.375407 4.750319958 4.110802174 -0.537696302 -0.221490651 0.961462855 0.159385055 0.033577383
1679962794.375462 4.747389793 4.112425327 -0.544129729 -0.231616825 0.958375990 0.159827858 0.048209779
1679962794.375512 4.747221470 4.114570618 -0.545200884 -0.241390437 0.955166519 0.159126535 0.063768007
1679962794.375558 4.749510288 4.112777233 -0.545916200 -0.252163023 0.951043546 0.160159796 0.079238959
1679962794.375606 4.746938229 4.116772652 -0.553629935 -0.260797173 0.947036982 0.160034850 0.097440407
1679962794.375659 4.739739418 4.116568089 -0.557513237 -0.268322706 0.942735910 0.160176143 0.116599977
1679962794.375712 4.748336315 4.122173786 -0.575951815 -0.279322028 0.936770260 0.161778569 0.135160670
1679962794.375763 4.749475956 4.131682396 -0.588765025 -0.286238581 0.931588650 0.162746668 0.154024571
1679962794.375816 4.747345924 4.144635677 -0.600728929 -0.291980863 0.926301181 0.163082585 0.173543409
1679962794.375865 4.748661995 4.155221462 -0.620188951 -0.296867371 0.920697451 0.164171040 0.192960635
1679962794.375913 4.753463268 4.179238319 -0.637429833 -0.300333887 0.915261269 0.164718837 0.212047294
1679962794.375960 4.750968933 4.194894314 -0.647496521 -0.302429229 0.909609973 0.165318370 0.231982812
1679962794.376010 4.732518673 4.212430000 -0.667495191 -0.303382009 0.903261244 0.165670991 0.254227519
1679962794.376060 4.732783318 4.214886189 -0.678676665 -0.303518325 0.896647573 0.167942077 0.275127649
1679962794.376108 4.746059418 4.264243126 -0.721289814 -0.298006952 0.892133474 0.167932853 0.295107156
1679962794.376155 4.739027977 4.273683071 -0.732895553 -0.292636991 0.885889649 0.169169769 0.317717999
1679962794.376203 4.730427265 4.287704945 -0.726533651 -0.283413976 0.881273150 0.169277355 0.338200092
1679962794.376257 4.733973026 4.292870998 -0.721683741 -0.271662474 0.876766324 0.172057763 0.357598156
1679962794.376360 4.699433804 4.271811485 -0.705050170 -0.262874901 0.869271338 0.174012333 0.380767494
1679962794.376451 4.687424183 4.260759830 -0.688971281 -0.250602335 0.863328338 0.176746413 0.400778443
1679962794.376533 4.678540707 4.251177788 -0.676392376 -0.234878629 0.857248545 0.179419741 0.421622455
1679962794.376620 4.664118767 4.248684883 -0.678996861 -0.214943573 0.850995719 0.184025615 0.442425251
1679962794.376717 4.657316685 4.251132488 -0.675960958 -0.192283601 0.846041560 0.189477712 0.459716052
1679962794.376801 4.657906055 4.267494202 -0.685416341 -0.171566367 0.840564311 0.193551704 0.475977272
1679962794.376889 4.658924580 4.278283596 -0.694370091 -0.152072802 0.834448993 0.199336305 0.490748197
1679962794.376987 4.643832207 4.295472145 -0.715103865 -0.130700320 0.827244878 0.204589188 0.506681859
1679962794.377076 4.632016659 4.311192513 -0.739065588 -0.111532621 0.819669008 0.210303962 0.521032989
1679962794.377144 4.620681286 4.338186741 -0.762047470 -0.092531130 0.813286066 0.215536803 0.532491922
1679962794.377204 4.612736225 4.360058308 -0.786717832 -0.076921128 0.807733357 0.221610546 0.540868461
1679962794.377274 4.600893974 4.374563694 -0.804677129 -0.065500431 0.804031551 0.227577642 0.545390964
1679962794.377334 4.594496727 4.392524242 -0.829065621 -0.056992140 0.800367653 0.234015882 0.548999190
1679962794.377385 4.585701466 4.405650616 -0.851200640 -0.049931966 0.798338234 0.240768686 0.549721062
1679962794.377439 4.575689793 4.419322014 -0.870177865 -0.043895032 0.798261762 0.247526065 0.547341049
1679962794.377492 4.562421799 4.424275398 -0.886277556 -0.040253341 0.799330831 0.255132765 0.542546988
1679962794.377540 4.545091152 4.436654091 -0.908666372 -0.037362322 0.800867617 0.262675583 0.536858141
1679962794.377593 4.531142235 4.457835197 -0.927399755 -0.033541385 0.803998232 0.270517290 0.528471589
1679962794.377639 4.513088703 4.468942165 -0.941356361 -0.034171369 0.809359789 0.277693659 0.516386747
1679962794.377687 4.501317978 4.491109848 -0.958022654 -0.035267491 0.815156698 0.286403328 0.502243757
1679962794.377736 4.488023281 4.507624626 -0.970423043 -0.039986655 0.822194993 0.294481695 0.485465735
1679962794.377785 4.468253136 4.524138451 -0.983509660 -0.045275465 0.830605090 0.303298146 0.464817762
1679962794.377836 4.447418213 4.547616005 -0.997614980 -0.052158132 0.839635134 0.310851753 0.442338735
1679962794.377882 4.409965992 4.572066784 -1.020195723 -0.059851985 0.848117471 0.319076836 0.418693721
1679962794.377931 4.366895676 4.582922459 -1.041753769 -0.069726221 0.856339931 0.327399045 0.393230259
1679962794.377979 4.337136745 4.605026722 -1.063419461 -0.083885320 0.864145160 0.335432172 0.365652472
1679962794.378028 4.299196243 4.629111290 -1.084767222 -0.095188074 0.872429371 0.342468381 0.335442364
1679962794.378083 4.277925968 4.639863014 -1.105897546 -0.112964042 0.878896058 0.350303978 0.303427160
1679962794.378135 4.257379532 4.654212952 -1.124404192 -0.131585538 0.885002136 0.357726574 0.267372578
1679962794.378186 4.239896297 4.672894478 -1.146904469 -0.153825819 0.889359653 0.364188790 0.229659528
1679962794.378270 4.217891216 4.690232277 -1.162107944 -0.176029861 0.893486321 0.368412465 0.186997131
1679962794.378365 4.198809147 4.712525845 -1.183574557 -0.203173026 0.894077897 0.372183591 0.144308239
1679962794.378453 4.188388348 4.728070259 -1.200018167 -0.233101130 0.892273605 0.374332756 0.096884996
1679962794.378562 4.170210838 4.737800121 -1.219404936 -0.260765910 0.886802435 0.378133535 0.050966792
1679962794.378664 4.138682365 4.761284351 -1.239689350 -0.282904923 0.881918669 0.377050340 0.004151302
1679962794.378762 4.103586197 4.780004025 -1.261121511 -0.304780185 0.874795020 0.374211788 -0.042522851
1679962794.378862 4.071819782 4.795217037 -1.280655026 -0.329378396 0.864030778 0.369697213 -0.091020375
1679962794.378962 4.037319660 4.814019680 -1.299889088 -0.360518605 0.847564220 0.363221705 -0.140467867
1679962794.379102 4.006016731 4.828938484 -1.311419606 -0.392115355 0.828392804 0.351381719 -0.191158876
1679962794.379230 3.962403774 4.840406895 -1.325144291 -0.418627799 0.806697786 0.339918792 -0.241753250
1679962794.379339 3.921713591 4.840223312 -1.331843853 -0.442643017 0.782906234 0.327348888 -0.289771736
1679962794.379445 3.885530472 4.837125778 -1.334301233 -0.466412127 0.754358888 0.312640160 -0.340086073
1679962794.379549 3.849031925 4.825855255 -1.330324650 -0.489793777 0.720492899 0.300485194 -0.388201892
1679962794.379643 3.803642750 4.809453964 -1.328131199 -0.503469825 0.686650574 0.290934652 -0.436332613
1679962794.379748 3.760315895 4.788858891 -1.330174088 -0.512392581 0.648465097 0.285999686 -0.484923750
1679962794.379824 3.711463213 4.765211582 -1.329489470 0.515682399 -0.610363901 -0.280512750 0.531827092
1679962794.379886 3.657719851 4.738379478 -1.320833564 0.520053148 -0.570549786 -0.273185492 0.573922753
1679962794.379941 3.742506981 4.812880039 -1.347437501 0.504716218 -0.597931802 -0.292495668 0.549713910
1679962794.379997 3.831779480 4.888307095 -1.364268661 0.491470784 -0.625315607 -0.308173835 0.521982551
1679962794.380054 3.913548470 4.957995415 -1.366993427 -0.476610929 0.654781759 0.321107686 -0.490910083
1679962794.380119 4.004149437 5.010182381 -1.370464683 -0.457994342 0.683584809 0.336507201 -0.457947463
1679962794.380178 4.110312939 5.051400185 -1.374679685 -0.438356042 0.710488379 0.350575238 -0.424437523
1679962794.380276 4.215199471 5.095047474 -1.372053981 -0.422258317 0.731951714 0.368042260 -0.387929767
1679962794.380334 4.311326981 5.127887249 -1.364783525 -0.401141286 0.754043221 0.386505127 -0.348020434
1679962794.380391 4.414082527 5.155241013 -1.350414038 -0.382270455 0.772580862 0.403856128 -0.306412041
1679962794.380452 4.496968746 5.177808285 -1.326381207 -0.362669140 0.793388784 0.414540172 -0.259155959
1679962794.380506 4.573734283 5.190929890 -1.296333551 -0.347603917 0.810463965 0.425072342 -0.204042211
1679962794.380573 4.639278889 5.195524693 -1.251568317 -0.336035907 0.823829234 0.433235437 -0.143847972
1679962794.380742 4.695704937 5.188254356 -1.195121288 -0.320575982 0.836392343 0.437261224 -0.080508031
1679962794.380803 4.728083611 5.185803890 -1.150588274 -0.307231188 0.839095771 0.448611587 -0.016579278
1679962794.380860 4.756258011 5.178819180 -1.101220012 -0.288686097 0.839796185 0.457471311 0.046072342
1679962794.380991 4.776946545 5.172098160 -1.067013860 -0.264003903 0.835998654 0.469088584 0.106602758
1679962794.380991 4.776946545 5.172098160 -1.067013860 -0.264003903 0.835998654 0.469088584 0.106602758
1679962794.380991 4.776946545 5.172098160 -1.067013860 -0.264003903 0.835998654 0.469088584 0.106602758
1679962794.380991 4.776946545 5.172098160 -1.067013860 -0.264003903 0.835998654 0.469088584 0.106602758
1679962794.380991 4.776946545 5.172098160 -1.067013860 -0.264003903 0.835998654 0.469088584 0.106602758
1679962794.380991 4.776946545 5.172098160 -1.067013860 -0.264003903 0.835998654 0.469088584 0.106602758
1679962794.380991 4.776946545 5.172098160 -1.067013860 -0.264003903 0.835998654 0.469088584 0.106602758
1679962794.380991 4.776946545 5.172098160 -1.067013860 -0.264003903 0.835998654 0.469088584 0.106602758
1679962794.380991 4.776946545 5.172098160 -1.067013860 -0.264003903 0.835998654 0.469088584 0.106602758
