1679962794.350636 0.000000000 0.000000000 0.000000000 0.000000000 0.000000000 0.000000000 1.000000000
1679962794.350827 -0.002370151 0.008787389 0.028633520 -0.010050222 -0.017227182 0.001377650 0.999800146
1679962794.350972 -0.003281097 0.019647930 0.065763980 -0.018643757 -0.033683524 0.004239690 0.999249637
1679962794.351207 -0.005993124 0.041495617 0.128473580 -0.021607986 -0.070473336 0.014105039 0.997179866
1679962794.351600 -0.004271159 0.069688477 0.217251211 -0.024876874 -0.130156815 0.037922949 0.990455568
1679962794.351920 0.017235478 0.101613328 0.314159513 -0.028996898 -0.190638050 0.059292838 0.979438961
1679962794.352512 0.044200007 0.129740581 0.387308866 -0.035887297 -0.252803236 0.091184057 0.962542534
1679962794.353063 0.079213902 0.165364236 0.468707770 -0.043145075 -0.334964752 0.138486132 0.930998802
1679962794.353982 0.103482351 0.187857047 0.534167767 -0.054151442 -0.422925979 0.193813339 0.883536994
1679962794.354544 0.199039593 0.217528954 0.574556112 -0.069038637 -0.470929652 0.181266874 0.860581934
1679962794.354869 0.200314045 0.221256420 0.565132260 -0.076903276 -0.506587565 0.177847311 0.840134084
1679962794.355616 0.188605577 0.219143271 0.559263885 -0.070526518 -0.552476048 0.200570703 0.805957556
1679962794.356026 0.175617710 0.219228938 0.549486995 -0.063540317 -0.593659997 0.234166667 0.767265499
1679962794.356288 0.201169848 0.225969613 0.565113306 -0.065521829 -0.634015739 0.245525390 0.730375409
1679962794.356569 0.233308241 0.225403741 0.574045897 -0.067554384 -0.674959958 0.247506529 0.691813529
1679962794.356872 0.237183139 0.225511611 0.575307965 -0.067657933 -0.714079440 0.248918563 0.650809050
1679962794.357301 0.245309219 0.225125268 0.575485885 -0.066187114 -0.754569948 0.249229327 0.603430390
1679962794.357488 0.251320273 0.224448457 0.574927092 -0.064811900 -0.779942632 0.248593539 0.570692658
1679962794.357751 0.254800349 0.223702207 0.572659969 -0.063227348 -0.801448882 0.247507334 0.540760696
1679962794.358060 0.261303246 0.222695619 0.565322399 -0.058290951 -0.825467885 0.244461864 0.505414009
1679962794.358531 0.271524072 0.221109271 0.551519156 0.047154054 0.843458652 -0.243841305 -0.476335377
1679962794.359068 0.294322163 0.219172329 0.528611839 -0.029923555 -0.825616896 0.243730724 0.507992804
1679962794.359230 0.307616204 0.217697382 0.518190503 -0.017337920 -0.800613761 0.238610744 0.549346805
1679962794.359384 0.317336649 0.217440873 0.513532937 -0.008081370 -0.770770431 0.232166767 0.593250573
1679962794.359652 0.338707119 0.218185708 0.502121866 -0.004723741 -0.719482064 0.214789972 0.660445690
1679962794.360141 0.368533075 0.220627472 0.508653283 -0.017713746 -0.724891245 0.128405899 0.676558077
1679962794.360343 0.389545113 0.219716892 0.496793002 -0.023581224 -0.754612267 0.065863825 0.652430952
1679962794.360584 0.402611941 0.220710859 0.488265246 -0.027275145 -0.797931373 -0.012210008 0.602007091
1679962794.360973 0.430591643 0.225805432 0.472825766 -0.035173442 -0.850761175 -0.104077026 0.513941884
1679962794.361794 0.452654481 0.232359573 0.457737654 0.025181890 0.880209804 0.172419593 -0.441438615
1679962794.362342 0.463542938 0.234910980 0.450604349 0.017104900 -0.838045180 -0.074471593 0.540223777
1679962794.362600 0.482805192 0.231610358 0.440103740 0.045574874 -0.795936108 -0.007616725 0.603614628
1679962794.362856 0.510194182 0.228388220 0.428007156 0.066711746 -0.756318629 0.038955398 0.649626195
1679962794.363110 0.581468463 0.225334316 0.403053105 0.084067427 -0.719623148 0.071082309 0.685581863
1679962794.363310 0.738203168 0.217716098 0.405133605 0.071530879 -0.697448492 0.034384888 0.712226510
1679962794.363712 1.044767737 0.429352015 0.503516614 0.070006266 -0.704798222 0.016651528 0.705748796
1679962794.364288 1.237123013 0.540095031 0.595774770 0.132019043 -0.758355975 0.005131755 0.638310909
1679962794.364601 1.304763913 0.573892117 0.551920414 0.164565414 -0.809671819 -0.087580755 0.556488395
1679962794.364849 1.533749104 0.658210993 0.509275138 -0.174789116 0.847334206 0.216774791 -0.452197015
1679962794.364986 1.722925186 0.757499754 0.485730350 -0.167608917 0.860060513 0.293865621 -0.381898075
1679962794.365132 1.917992473 0.891524434 0.436507076 -0.154257670 0.859764874 0.361383617 -0.326206714
1679962794.365274 2.104082346 1.044951797 0.389680743 -0.136146694 0.850925207 0.412159413 -0.295829415
1679962794.365417 2.248628616 1.180224538 0.360184640 -0.115096472 0.836364448 0.442484915 -0.302414298
1679962794.365654 2.410138130 1.341158032 0.356918097 -0.100816831 0.810070515 0.439760685 -0.374475986
1679962794.365846 2.584429502 1.521246433 0.375489354 -0.065763876 0.778029680 0.414606065 -0.467382908
1679962794.366206 2.894469261 1.858480573 0.386102438 -0.004603037 -0.720080972 -0.377145410 0.582428992
1679962794.366451 3.123175859 2.073098660 0.449332207 -0.038508162 -0.681546092 -0.347547144 0.642824233
1679962794.366896 3.180117846 2.116484642 0.492733389 -0.062961951 -0.648238599 -0.317536861 0.689197242
1679962794.367369 3.339680910 2.226464272 0.543123305 -0.091016017 -0.610010087 -0.282946825 0.734537184
1679962794.367644 3.595052481 2.393088102 0.561865628 -0.102869093 -0.594665468 -0.267001837 0.751332760
1679962794.367947 3.812859058 2.539862633 0.570850313 -0.107669547 -0.592160285 -0.259576857 0.755230665
1679962794.368132 4.040481567 2.689662457 0.571057856 -0.108925253 -0.595721662 -0.252624780 0.754606962
1679962794.368313 4.172445297 2.776714802 0.569306195 -0.109186195 -0.600913703 -0.248127744 0.751939952
1679962794.368501 4.278657436 2.845757723 0.582599401 -0.106599160 -0.611167669 -0.237256885 0.747542560
1679962794.368661 4.293604374 2.855857849 0.584775865 -0.100939862 -0.622418880 -0.219719470 0.744398594
1679962794.368798 4.315773010 2.869810104 0.587780535 -0.093629062 -0.632635653 -0.198855236 0.742605090
1679962794.368942 4.339231491 2.884549141 0.592615008 -0.084851548 -0.640022695 -0.175367206 0.743247926
1679962794.369081 4.358150005 2.895185232 0.598845184 -0.075010128 -0.643403172 -0.152814686 0.746360183
1679962794.369224 4.374320507 2.905783176 0.604046106 -0.065517627 -0.637090683 -0.132108793 0.756551504
1679962794.369371 4.390431404 2.915456772 0.610186458 -0.054095235 -0.619802952 -0.114884384 0.774415612
1679962794.369596 4.417839050 2.929662704 0.624618351 -0.036801353 -0.578100979 -0.102749765 0.808633029
1679962794.369767 4.439453602 2.943038225 0.631099403 -0.026578177 -0.531638026 -0.102769487 0.840293407
1679962794.369925 4.458202839 2.952473640 0.642117083 -0.020190947 -0.484282702 -0.118575692 0.866603971
1679962794.370084 4.477338314 2.963856459 0.652083576 -0.017142484 -0.437012911 -0.138532653 0.888557553
1679962794.370260 4.503930569 2.979273081 0.664662242 -0.011745621 -0.388342917 -0.158531636 0.907700121
1679962794.370561 4.528226852 2.995019436 0.673776090 -0.004345917 -0.371312022 -0.167662665 0.913234770
1679962794.370777 4.544213295 3.006722689 0.677169502 -0.006238641 -0.411708593 -0.182002321 0.892934620
1679962794.371092 4.565610409 3.022140265 0.683893621 -0.010274025 -0.507070065 -0.190494567 0.840527356
1679962794.371459 4.590057373 3.038333893 0.686748683 -0.016503958 -0.649372935 -0.192223072 0.735590041
1679962794.371893 4.646720409 3.081548929 0.691504121 0.021980353 -0.750323832 -0.179362535 0.635893106
1679962794.372216 4.676863194 3.106485128 0.679315627 0.065687925 -0.776426792 -0.211389944 0.590051591
1679962794.372547 4.675305843 3.111033916 0.677881837 0.099688783 -0.816467464 -0.254872710 0.508412123
1679962794.372779 4.790340424 3.230969906 0.635939837 -0.133599848 0.860556662 0.244404808 -0.426450044
1679962794.373020 4.790922642 3.491367340 0.319644988 -0.141840875 0.900193095 0.229270980 -0.342006356
1679962794.373260 4.763086796 3.693311453 0.050133009 -0.140383959 0.938772678 0.204401925 -0.239202946
1679962794.373541 4.737648487 3.903985262 -0.223721087 -0.131063059 0.966400623 0.176796973 -0.132797211
1679962794.373785 4.729320526 4.045322418 -0.419488966 -0.153484762 0.974219263 0.157726511 -0.049615126
1679962794.374070 4.751338005 4.080909252 -0.482443571 -0.187487870 0.970310450 0.152143836 0.014076008
1679962794.375712 4.748336315 4.122174263 -0.575951338 -0.279322028 0.936770260 0.161778569 -0.135160685
1679962794.376108 4.746059418 4.264243126 -0.721290231 -0.298006922 0.892133474 0.167932853 -0.295107186
1679962794.376451 4.687423706 4.260759830 -0.688970983 -0.250602335 0.863328338 0.176746428 -0.400778443
1679962794.376801 4.657906055 4.267494202 -0.685416341 -0.171566352 0.840564311 0.193551719 -0.475977302
1679962794.376987 4.643833160 4.295472145 -0.715104043 0.130700365 -0.827244997 -0.204589158 0.506681800
1679962794.377144 4.620681286 4.338186741 -0.762047529 0.092531130 -0.813286066 -0.215536803 0.532491922
1679962794.377204 4.612736225 4.360058308 -0.786717951 0.076921128 -0.807733357 -0.221610546 0.540868461
1679962794.377274 4.600893974 4.374563694 -0.804677010 0.065500401 -0.804031610 -0.227577642 0.545390964
1679962794.377334 4.594496727 4.392524242 -0.829065502 0.056992125 -0.800367653 -0.234015867 0.548999190
1679962794.377385 4.585701466 4.405650616 -0.851200640 0.049931951 -0.798338234 -0.240768671 0.549721062
1679962794.377439 4.575689793 4.419322491 -0.870177925 0.043895017 -0.798261762 -0.247526050 0.547341049
1679962794.377492 4.562421799 4.424275875 -0.886277616 0.040253356 -0.799330831 -0.255132765 0.542546988
1679962794.377540 4.545090675 4.436654568 -0.908666372 0.037362307 -0.800867617 -0.262675583 0.536858141
1679962794.377593 4.531142235 4.457835197 -0.927399755 0.033541415 -0.803998291 -0.270517290 0.528471529
1679962794.377639 4.513088703 4.468942165 -0.941356361 0.034171365 -0.809359729 -0.277693659 0.516386807
1679962794.377687 4.501318455 4.491110325 -0.958022714 0.035267476 -0.815156758 -0.286403298 0.502243757
1679962794.377736 4.488023758 4.507625103 -0.970423043 -0.039986655 0.822194993 0.294481695 -0.485465765
1679962794.377785 4.468253613 4.524138927 -0.983509898 -0.045275483 0.830605090 0.303298175 -0.464817733
1679962794.377836 4.447418690 4.547616005 -0.997615576 -0.052158136 0.839635134 0.310851753 -0.442338705
1679962794.377882 4.409966469 4.572067738 -1.020195365 -0.059851989 0.848117471 0.319076836 -0.418693751
1679962794.377931 4.366895676 4.582922459 -1.041753531 -0.069726214 0.856339931 0.327399045 -0.393230259
1679962794.377979 4.337137222 4.605027199 -1.063419580 -0.083885312 0.864145100 0.335432172 -0.365652472
1679962794.378028 4.299195766 4.629111290 -1.084767222 -0.095188081 0.872429371 0.342468381 -0.335442364
1679962794.378083 4.277925968 4.639862537 -1.105896950 -0.112964027 0.878896058 0.350303948 -0.303427130
1679962794.378135 4.257379532 4.654213905 -1.124403954 -0.131585553 0.885002136 0.357726604 -0.267372578
1679962794.378186 4.239896297 4.672894001 -1.146904111 -0.153825805 0.889359653 0.364188790 -0.229659528
1679962794.378270 4.217891216 4.690231800 -1.162107348 -0.176029861 0.893486321 0.368412465 -0.186997116
1679962794.378365 4.198808670 4.712525845 -1.183574677 -0.203173012 0.894077897 0.372183561 -0.144308254
1679962794.378453 4.188388348 4.728070259 -1.200018525 -0.233101115 0.892273605 0.374332726 -0.096885003
1679962794.378562 4.170211792 4.737801075 -1.219404697 -0.260765940 0.886802435 0.378133535 -0.050966784
1679962794.378664 4.138682842 4.761285782 -1.239688993 -0.282904923 0.881918728 0.377050340 -0.004151307
1679962794.378762 4.103586674 4.780004501 -1.261121631 -0.304780185 0.874795020 0.374211788 0.042522859
1679962794.378862 4.071820259 4.795217991 -1.280654788 -0.329378396 0.864030778 0.369697213 0.091020368
1679962794.378962 4.037319660 4.814019680 -1.299889207 -0.360518605 0.847564220 0.363221705 0.140467867
1679962794.379102 4.006017208 4.828938484 -1.311419606 -0.392115384 0.828392804 0.351381719 0.191158891
1679962794.379230 3.962403059 4.840405941 -1.325144291 -0.418627769 0.806697786 0.339918822 0.241753265
1679962794.379339 3.921713829 4.840223789 -1.331844091 -0.442643046 0.782906234 0.327348918 0.289771736
1679962794.379445 3.885529995 4.837125301 -1.334301472 -0.466412127 0.754358888 0.312640160 0.340086073
1679962794.379549 3.849031687 4.825853825 -1.330324411 -0.489793748 0.720492899 0.300485194 0.388201863
1679962794.379643 3.803642750 4.809453487 -1.328131199 -0.503469825 0.686650574 0.290934652 0.436332613
1679962794.379748 3.760316372 4.788858414 -1.330173731 -0.512392581 0.648465097 0.285999686 0.484923750
1679962794.379824 3.711463690 4.765211582 -1.329489231 -0.515682459 0.610363960 0.280512750 0.531827092
1679962794.379886 3.657720327 4.738379955 -1.320833683 -0.520053148 0.570549846 0.273185492 0.573922753
1679962794.379941 3.742506981 4.812880516 -1.347437501 -0.504716218 0.597931802 0.292495668 0.549713910
1679962794.379997 3.831779480 4.888307095 -1.364268541 -0.491470754 0.625315607 0.308173835 0.521982551
1679962794.380054 3.913548708 4.957995415 -1.366993546 -0.476610959 0.654781759 0.321107686 0.490910113
1679962794.380119 4.004149437 5.010181427 -1.370464444 -0.457994312 0.683584809 0.336507201 0.457947463
1679962794.380178 4.110312939 5.051400661 -1.374679446 -0.438356042 0.710488379 0.350575209 0.424437523
1679962794.380276 4.215199947 5.095047474 -1.372054458 -0.422258317 0.731951714 0.368042290 0.387929797
1679962794.380334 4.311326981 5.127887249 -1.364783645 -0.401141316 0.754043221 0.386505127 0.348020434
1679962794.380391 4.414083004 5.155241013 -1.350413799 -0.382270455 0.772580862 0.403856128 0.306412011
1679962794.380452 4.496968746 5.177808762 -1.326380968 -0.362669140 0.793388784 0.414540172 0.259155959
1679962794.380506 4.573734283 5.190929413 -1.296333551 -0.347603887 0.810463965 0.425072312 0.204042196
1679962794.380573 4.639278889 5.195524693 -1.251568437 -0.336035907 0.823829293 0.433235466 0.143847972
1679962794.380742 4.695704937 5.188254356 -1.195121408 -0.320575982 0.836392343 0.437261224 0.080508038
1679962794.380803 4.728084087 5.185803890 -1.150588393 -0.307231188 0.839095771 0.448611617 0.016579285
1679962794.380860 4.756258965 5.178819656 -1.101219773 -0.288686097 0.839796185 0.457471311 -0.046072360
