1679962794.350636
1679962794.3508272
1679962794.3509724
1679962794.3511035
1679962794.3512075
1679962794.3513017
1679962794.3515024
1679962794.3516
1679962794.3516793
1679962794.3517616
1679962794.3519197
1679962794.3520205
1679962794.3523953
1679962794.352512
1679962794.3526008
1679962794.3526964
1679962794.352963
1679962794.3530633
1679962794.353552
1679962794.353664
1679962794.3537605
1679962794.353887
1679962794.3539824
1679962794.3541086
1679962794.3542178
1679962794.3544312
1679962794.354544
1679962794.3546343
1679962794.3547237
1679962794.354869
1679962794.3552725
1679962794.3553717
1679962794.3555233
1679962794.355616
1679962794.3557062
1679962794.3558311
1679962794.3559268
1679962794.356026
1679962794.3561146
1679962794.3561978
1679962794.3562877
1679962794.3563871
1679962794.3564725
1679962794.3565686
1679962794.3566625
1679962794.356751
1679962794.356872
1679962794.3569717
1679962794.3571873
1679962794.3573012
1679962794.3573916
1679962794.3574884
1679962794.357596
1679962794.357751
1679962794.3578591
1679962794.3579626
1679962794.3580604
1679962794.3581517
1679962794.3582475
1679962794.358353
1679962794.358442
1679962794.3585312
1679962794.3586411
1679962794.3588042
1679962794.3588781
1679962794.3589723
1679962794.3590682
1679962794.359125
1679962794.3591764
1679962794.35923
1679962794.3592803
1679962794.3593323
1679962794.359384
1679962794.3594396
1679962794.3594885
1679962794.3595536
1679962794.3596034
1679962794.3596518
1679962794.3597338
1679962794.3597875
1679962794.3598409
1679962794.3598905
1679962794.3599381
1679962794.3599901
1679962794.3600411
1679962794.3600936
1679962794.3601406
1679962794.3601882
1679962794.360247
1679962794.3602967
1679962794.3603432
1679962794.360392
1679962794.3604403
1679962794.360491
1679962794.360537
1679962794.3605843
1679962794.360631
1679962794.3607128
1679962794.3607657
1679962794.3608155
1679962794.3608668
1679962794.3609169
1679962794.3609734
1679962794.3610215
1679962794.3610706
1679962794.361122
1679962794.3611677
1679962794.3612168
1679962794.3612614
1679962794.3613071
1679962794.3613555
1679962794.3614013
1679962794.3614526
1679962794.361517
1679962794.3615677
1679962794.3616178
1679962794.3616965
1679962794.361748
1679962794.3617945
1679962794.3618405
1679962794.3618925
1679962794.3619404
1679962794.3619897
1679962794.3620389
1679962794.3620887
1679962794.3621376
1679962794.3621845
1679962794.3622334
1679962794.3622909
1679962794.362342
1679962794.3623896
1679962794.362435
1679962794.3624861
1679962794.3625498
1679962794.3625998
1679962794.3626857
1679962794.3627415
1679962794.362799
1679962794.362856
1679962794.3629081
1679962794.3629565
1679962794.3630097
1679962794.36311
1679962794.3631642
1679962794.3632152
1679962794.363261
1679962794.36331
1679962794.3633556
1679962794.3634028
1679962794.3634522
1679962794.3635108
1679962794.3635564
1679962794.363658
1679962794.3637116
1679962794.3637605
1679962794.3638234
1679962794.3638759
1679962794.3639262
1679962794.3641033
1679962794.3641615
1679962794.364288
1679962794.3643389
1679962794.3643858
1679962794.3644347
1679962794.3644803
1679962794.3645296
1679962794.3646007
1679962794.3646545
1679962794.364702
1679962794.364748
1679962794.3647943
1679962794.3648486
1679962794.3648963
1679962794.3649426
1679962794.3649862
1679962794.3650346
1679962794.3650794
1679962794.365132
1679962794.3651805
1679962794.36523
1679962794.3652742
1679962794.3653212
1679962794.3653688
1679962794.3654175
1679962794.3654666
1679962794.3655226
1679962794.3656018
1679962794.3656545
1679962794.3657029
1679962794.3657486
1679962794.365796
1679962794.3658462
1679962794.3659892
1679962794.3660462
1679962794.366092
1679962794.3661377
1679962794.366206
1679962794.3662493
1679962794.3663886
1679962794.3664513
1679962794.366502
1679962794.3668258
1679962794.366896
1679962794.366948
1679962794.3672013
1679962794.3672667
1679962794.3673203
1679962794.3673687
1679962794.3674185
1679962794.3675382
1679962794.367595
1679962794.3676438
1679962794.3677251
1679962794.3677874
1679962794.367947
1679962794.367999
1679962794.3680782
1679962794.3681319
1679962794.3682117
1679962794.3683128
1679962794.3683846
1679962794.3684318
1679962794.3685007
1679962794.3685656
1679962794.3686142
1679962794.3686607
1679962794.3687077
1679962794.3687534
1679962794.3687978
1679962794.3688455
1679962794.3688931
1679962794.3689415
1679962794.3689895
1679962794.3690357
1679962794.3690805
1679962794.3691285
1679962794.3691769
1679962794.3692238
1679962794.369276
1679962794.3693247
1679962794.3693712
1679962794.36942
1679962794.3694954
1679962794.3695474
1679962794.369596
1679962794.3696423
1679962794.3696954
1679962794.3697674
1679962794.3698328
1679962794.3698776
1679962794.3699245
1679962794.3699837
1679962794.3700333
1679962794.3700838
1679962794.37013
1679962794.3701725
1679962794.3702152
1679962794.3702595
1679962794.3703077
1679962794.3703535
1679962794.370399
1679962794.3705015
1679962794.370561
1679962794.3706195
1679962794.3706734
1679962794.3707242
1679962794.3707767
1679962794.3708334
1679962794.3708816
1679962794.370931
1679962794.3709853
1679962794.3710916
1679962794.3711462
1679962794.3711905
1679962794.371237
1679962794.3712826
1679962794.3713284
1679962794.3713763
1679962794.3714592
1679962794.371516
1679962794.37157
1679962794.371613
1679962794.3716586
1679962794.3717053
1679962794.3717518
1679962794.3717978
1679962794.3718464
1679962794.3718932
1679962794.3719387
1679962794.3719847
1679962794.37203
1679962794.372076
1679962794.3721213
1679962794.3721697
1679962794.3722165
1679962794.3722706
1679962794.3723216
1679962794.3723683
1679962794.372455
1679962794.3725016
1679962794.372547
1679962794.372594
1679962794.3726373
1679962794.3726833
1679962794.3727317
1679962794.372779
1679962794.3728256
1679962794.372875
1679962794.3729208
1679962794.3729742
1679962794.3730202
1679962794.373069
1679962794.373115
1679962794.3731632
1679962794.3732116
1679962794.3732605
1679962794.3733065
1679962794.373382
1679962794.373442
1679962794.3734913
1679962794.3735409
1679962794.373588
1679962794.373635
1679962794.373691
1679962794.3737366
1679962794.3737845
1679962794.3738334
1679962794.3738797
1679962794.373929
1679962794.3739755
1679962794.3740222
1679962794.3740702
1679962794.374123
1679962794.3741722
1679962794.3742201
1679962794.3742785
1679962794.374356
1679962794.37444
1679962794.3745308
1679962794.3746219
1679962794.3747175
1679962794.3748176
1679962794.3749185
1679962794.3751
1679962794.3752048
1679962794.375294
1679962794.3754075
1679962794.3754616
1679962794.375512
1679962794.375558
1679962794.3756063
1679962794.3756595
1679962794.3757124
1679962794.3757632
1679962794.3758156
1679962794.3758647
1679962794.3759134
1679962794.3759604
1679962794.3760102
1679962794.37606
1679962794.3761077
1679962794.3761551
1679962794.3762026
1679962794.376257
1679962794.3763604
1679962794.3764513
1679962794.376533
1679962794.3766203
1679962794.3767166
1679962794.3768013
1679962794.3768885
1679962794.3769867
1679962794.377076
1679962794.3771443
1679962794.3772037
1679962794.3772743
1679962794.3773344
1679962794.377385
1679962794.3774393
1679962794.3774917
1679962794.3775399
1679962794.3775926
1679962794.377639
1679962794.3776867
1679962794.377736
1679962794.3777854
1679962794.377836
1679962794.3778818
1679962794.3779314
1679962794.377979
1679962794.378028
1679962794.3780832
1679962794.3781352
1679962794.3781857
1679962794.37827
1679962794.378365
1679962794.3784533
1679962794.3785617
1679962794.378664
1679962794.378762
1679962794.378862
1679962794.3789618
1679962794.3791025
1679962794.3792298
1679962794.3793385
1679962794.3794448
1679962794.379549
1679962794.3796427
1679962794.3797483
1679962794.3798244
1679962794.3798862
1679962794.3799405
1679962794.379997
1679962794.3800542
1679962794.3801186
1679962794.3801782
1679962794.3802757
1679962794.3803344
1679962794.3803914
1679962794.380452
1679962794.3805058
1679962794.380573
1679962794.380742
1679962794.3808026
1679962794.3808599
1679962794.3809912
1679962794.3810582
1679962794.3811166
1679962794.3811905
1679962794.381249
1679962794.381301
1679962794.3813536
1679962794.3814106
1679962794.3814652
