1680657967.420372 7.008041858673096 -30.1324462890625 -3.011430501937866 0.5471411943435669 -0.19100968539714813 0.15075859427452087 0.800889253616333
1680657967.4203827 6.770843505859375 -30.10153579711914 -3.038398265838623 0.5559074878692627 -0.19681142270565033 0.15713442862033844 0.7921748757362366
1680657967.4203908 6.53799295425415 -30.063034057617188 -3.064401149749756 0.5643467903137207 -0.20185910165309906 0.1626422107219696 0.7837813496589661
1680657967.4203985 6.309350490570068 -30.019004821777344 -3.0894811153411865 0.5734075903892517 -0.20102238655090332 0.1635196954011917 0.7772097587585449
1680657967.4204054 6.084839820861816 -29.9708251953125 -3.113459348678589 0.582073986530304 -0.20044854283332825 0.16406767070293427 0.7707736492156982
1680657967.420412 5.863804817199707 -29.92183494567871 -3.136723041534424 0.5903580784797668 -0.20010918378829956 0.16434286534786224 0.764477014541626
1680657967.4204192 5.646391868591309 -29.871376037597656 -3.1590044498443604 0.5982706546783447 -0.19997593760490417 0.16439612209796906 0.7583242058753967
1680657967.4204261 5.432224750518799 -29.821176528930664 -3.180485248565674 0.6058232188224792 -0.20002096891403198 0.16427282989025116 0.7523192763328552
1680657967.4204328 5.221303462982178 -29.771276473999023 -3.201212167739868 0.6130269169807434 -0.20021772384643555 0.16401302814483643 0.7464653253555298
1680657967.4204397 5.013374328613281 -29.72266960144043 -3.220998525619507 0.6198949217796326 -0.20054061710834503 0.16365131735801697 0.7407644391059875
1680657967.4204462 4.80855131149292 -29.675050735473633 -3.240173816680908 0.626441240310669 -0.20096628367900848 0.16321752965450287 0.7352169156074524
1680657967.4204533 4.606432914733887 -29.629974365234375 -3.258301258087158 0.6326819658279419 -0.2014731615781784 0.16273678839206696 0.7298210263252258
1680657967.42046 4.407374382019043 -29.58617401123047 -3.2758946418762207 0.6386343240737915 -0.2020420879125595 0.16223004460334778 0.7245734333992004
1680657967.4204667 4.210788249969482 -29.546171188354492 -3.292344331741333 0.6443172693252563 -0.20265616476535797 0.1617143750190735 0.7194679975509644
1680657967.420473 4.017226696014404 -29.5076961517334 -3.308274984359741 0.6497512459754944 -0.2033005803823471 0.16120387613773346 0.7144966125488281
1680657967.4204848 3.825995922088623 -29.474233627319336 -3.322962522506714 0.6549579501152039 -0.20396289229393005 0.1607094705104828 0.7096489667892456
1680657967.4205177 3.637746572494507 -29.442705154418945 -3.33709454536438 0.6599595546722412 -0.20463281869888306 0.16023969650268555 0.7049128413200378
1680657967.420526 3.4520702362060547 -29.415687561035156 -3.350107431411743 0.6647794246673584 -0.2053021639585495 0.15980088710784912 0.7002735137939453
1680657967.4205327 3.2694334983825684 -29.390567779541016 -3.3625781536102295 0.6694414615631104 -0.20596471428871155 0.15939749777317047 0.6957148909568787
1680657967.4205399 3.0895750522613525 -29.36948013305664 -3.37404727935791 0.6739696264266968 -0.20661592483520508 0.1590326726436615 0.6912187933921814
1680657967.4205465 2.9128100872039795 -29.35027503967285 -3.384982109069824 0.6783882975578308 -0.20725303888320923 0.15870808064937592 0.6867657899856567
1680657967.420553 2.733166456222534 -29.33414649963379 -3.39536190032959 0.6827220916748047 -0.20787496864795685 0.1584242582321167 0.6823344826698303
1680657967.4205608 2.550849437713623 -29.31936264038086 -3.405560255050659 0.6869954466819763 -0.20848195254802704 0.15818102657794952 0.677902102470398
1680657967.4205709 2.365701913833618 -29.30826759338379 -3.415072441101074 0.6915780305862427 -0.207990825176239 0.15680626034736633 0.6736998558044434
1680657967.4205813 2.1779589653015137 -29.298131942749023 -3.4244890213012695 0.6960165500640869 -0.20771831274032593 0.1556721180677414 0.6694626808166504
1680657967.420592 1.987423062324524 -29.292869567871094 -3.4330015182495117 0.7002702951431274 -0.20764653384685516 0.1547546088695526 0.665248453617096
1680657967.420602 1.7943322658538818 -29.289329528808594 -3.4412736892700195 0.704300045967102 -0.20775727927684784 0.1540299504995346 0.6611151099205017
1680657967.420609 1.5986461639404297 -29.28898048400879 -3.449007511138916 0.7080667018890381 -0.20803317427635193 0.1534745991230011 0.6571218967437744
1680657967.420616 1.4004565477371216 -29.293046951293945 -3.455988645553589 0.7115327715873718 -0.20845644176006317 0.15306544303894043 0.6533284187316895
1680657967.4206228 1.1998424530029297 -29.300437927246094 -3.462451696395874 0.7146608829498291 -0.20900985598564148 0.15277917683124542 0.6497946977615356
1680657967.4206328 0.9968847632408142 -29.311899185180664 -3.4682493209838867 0.717414379119873 -0.20967628061771393 0.1525927633047104 0.6465815901756287
1680657967.4206398 0.7917004227638245 -29.327919006347656 -3.473238945007324 0.7197570204734802 -0.21043890714645386 0.15248313546180725 0.6437501311302185
1680657967.4206467 0.5844262838363647 -29.348678588867188 -3.477295398712158 0.7216527462005615 -0.2112804502248764 0.15242747962474823 0.6413609385490417
1680657967.4206536 0.37955808639526367 -29.373170852661133 -3.4803178310394287 0.7230650186538696 -0.21218425035476685 0.15240241587162018 0.6394750475883484
1680657967.420684 0.17704956233501434 -29.400348663330078 -3.4823503494262695 0.7239574193954468 -0.2131327986717224 0.15238524973392487 0.6381525993347168
1680657967.4206917 -0.023289794102311134 -29.42844581604004 -3.4835424423217773 0.7242920994758606 -0.21410927176475525 0.15235234797000885 0.637453556060791
1680657967.4206986 -0.22177733480930328 -29.455045700073242 -3.484137535095215 0.7240305542945862 -0.21509528160095215 0.1522805094718933 0.637435793876648
1680657967.4207072 -0.4187707304954529 -29.477054595947266 -3.484485387802124 0.7231319546699524 -0.21607327461242676 0.1521454155445099 0.6381569504737854
1680657967.4207177 -0.6143469214439392 -29.49269676208496 -3.48476243019104 0.7215540409088135 -0.2170240581035614 0.15192298591136932 0.6396716833114624
1680657967.4207246 -0.808319091796875 -29.50210189819336 -3.4849767684936523 0.7192510962486267 -0.2179282009601593 0.15158814191818237 0.6420328617095947
1680657967.4207313 -1.0004736185073853 -29.50676155090332 -3.485164165496826 0.7161750197410583 -0.21876488626003265 0.151115283370018 0.6452902555465698
1680657967.420738 -1.190712809562683 -29.50722885131836 -3.4853386878967285 0.7122732400894165 -0.21951285004615784 0.1504775732755661 0.6494901180267334
1680657967.4207444 -1.378973364830017 -29.505733489990234 -3.4855542182922363 0.7074893712997437 -0.22014863789081573 0.14964784681797028 0.6546746492385864
1680657967.420751 -1.5652587413787842 -29.503652572631836 -3.4858360290527344 0.7018197774887085 -0.22057472169399261 0.1485145390033722 0.6608625054359436
1680657967.4207578 -1.7495886087417603 -29.50127601623535 -3.4861834049224854 0.695275604724884 -0.2209797501564026 0.14729712903499603 0.6678798198699951
1680657967.4207647 -1.9319812059402466 -29.4986572265625 -3.486582040786743 0.6879920363426208 -0.22131028771400452 0.1459333598613739 0.6755679845809937
1680657967.420776 -2.112449884414673 -29.495845794677734 -3.4870147705078125 0.680114209651947 -0.2214900553226471 0.144342839717865 0.6837777495384216
1680657967.4207828 -2.2910070419311523 -29.49289321899414 -3.4874706268310547 0.6717392802238464 -0.22159229218959808 0.14261063933372498 0.6923332214355469
1680657967.4207895 -2.4676623344421387 -29.489843368530273 -3.4879350662231445 0.6629915833473206 -0.221635639667511 0.14075884222984314 0.7010754942893982
1680657967.4207964 -2.6424193382263184 -29.486745834350586 -3.4883952140808105 0.654000997543335 -0.22164060175418854 0.13881120085716248 0.7098517417907715
1680657967.420803 -2.815274477005005 -29.483654022216797 -3.488839626312256 0.6449048519134521 -0.22162987291812897 0.13679291307926178 0.7185163497924805
1680657967.4208097 -2.986222982406616 -29.48061180114746 -3.4892547130584717 0.6358465552330017 -0.22162815928459167 0.13473062217235565 0.7269303202629089
1680657967.4208164 -3.155252695083618 -29.477672576904297 -3.4896295070648193 0.6269762516021729 -0.22166289389133453 0.13265201449394226 0.7349624037742615
1680657967.4208298 -3.3223228454589844 -29.47369956970215 -3.489213228225708 0.6184497475624084 -0.2217624932527542 0.13058656454086304 0.7424879670143127
1680657967.4208817 -3.484158754348755 -29.445261001586914 -3.473311185836792 0.6104272603988647 -0.2219582200050354 0.12856419384479523 0.7493893504142761
1680657967.4208891 -3.640657901763916 -29.403844833374023 -3.449070930480957 0.6030731797218323 -0.22228239476680756 0.12661579251289368 0.7555538415908813
1680657967.420896 -3.794942617416382 -29.36227035522461 -3.4246623516082764 0.5965548157691956 -0.22276811301708221 0.12477316707372665 0.7608733773231506
1680657967.4209027 -3.9465954303741455 -29.3193416595459 -3.3997790813446045 0.5910403728485107 -0.22344961762428284 0.12306809425354004 0.7652422785758972
1680657967.4209094 -4.095400333404541 -29.274669647216797 -3.374277353286743 0.5866979956626892 -0.22436103224754333 0.12153198570013046 0.7685554027557373
1680657967.420916 -4.240955829620361 -29.227436065673828 -3.3478844165802 0.58369380235672 -0.22553639113903046 0.12019616365432739 0.7707059383392334
1680657967.4209225 -4.382594108581543 -29.176395416259766 -3.3202006816864014 0.582190215587616 -0.22700819373130798 0.11909057945013046 0.7715823650360107
1680657967.4209292 -4.518940448760986 -29.119197845458984 -3.290499210357666 0.5823433995246887 -0.22880657017230988 0.11824464052915573 0.771065354347229
1680657967.4209359 -4.643564224243164 -29.04697036743164 -3.255574941635132 0.5843018293380737 -0.23095987737178802 0.11768490076065063 0.7690248489379883
1680657967.4209425 -4.743012428283691 -28.951677322387695 -3.2098350524902344 0.5881450176239014 -0.23347313702106476 0.11742882430553436 0.7653666138648987
1680657967.4209492 -4.803920745849609 -28.83577537536621 -3.15207576751709 0.5937149524688721 -0.23627446591854095 0.11746087670326233 0.7601840496063232
1680657967.420956 -4.839976787567139 -28.71477508544922 -3.08927845954895 0.6010517477989197 -0.23836944997310638 0.11698567867279053 0.7538108825683594
1680657967.4209626 -4.861814975738525 -28.59392547607422 -3.0244407653808594 0.6098605990409851 -0.24001628160476685 0.11621865630149841 0.7462944984436035
1680657967.4209692 -4.876715183258057 -28.472929000854492 -2.9579973220825195 0.6197447180747986 -0.24175551533699036 0.11565130203962326 0.7376282215118408
1680657967.420976 -4.888016223907471 -28.35208511352539 -2.8906054496765137 0.6304634809494019 -0.24356107413768768 0.11531554162502289 0.7279396653175354
1680657967.4209826 -4.895734786987305 -28.23159408569336 -2.8220837116241455 0.641779363155365 -0.24539577960968018 0.11524291336536407 0.7173696756362915
1680657967.420989 -4.902681827545166 -28.111173629760742 -2.753338575363159 0.6534623503684998 -0.2472095489501953 0.11546408385038376 0.7060753703117371
1680657967.420996 -4.908063888549805 -27.99079132080078 -2.6842687129974365 0.6652928590774536 -0.24893957376480103 0.11600662767887115 0.6942312121391296
1680657967.4210024 -4.912866115570068 -27.870290756225586 -2.6151769161224365 0.6770641803741455 -0.25051242113113403 0.11689167469739914 0.6820292472839355
1680657967.4210093 -4.916646480560303 -27.749595642089844 -2.5460948944091797 0.6885857582092285 -0.2518453598022461 0.11813312768936157 0.6696776747703552
1680657967.4210157 -4.920163631439209 -27.62863540649414 -2.4771385192871094 0.6996838450431824 -0.252849817276001 0.11973532289266586 0.6573985815048218
1680657967.4210224 -4.922685623168945 -27.507240295410156 -2.408487558364868 0.7102023363113403 -0.25343403220176697 0.1216936931014061 0.6454258561134338
1680657967.4210289 -4.925225734710693 -27.385494232177734 -2.339972496032715 0.7200012803077698 -0.25350645184516907 0.123994842171669 0.6340014934539795
1680657967.4210353 -4.926590442657471 -27.26302719116211 -2.272174596786499 0.7289551496505737 -0.25298017263412476 0.1266184151172638 0.6233722567558289
1680657967.4210422 -4.927961349487305 -27.140106201171875 -2.204545736312866 0.7369502186775208 -0.251773864030838 0.12954014539718628 0.6137863397598267
1680657967.4210486 -4.928350925445557 -27.01628875732422 -2.1378679275512695 0.7438783049583435 -0.24981555342674255 0.13273555040359497 0.6054903268814087
1680657967.4210553 -4.928427696228027 -26.891813278198242 -2.071605682373047 0.7496339082717896 -0.2470439374446869 0.13618451356887817 0.5987253189086914
1680657967.4210615 -4.927684307098389 -26.766313552856445 -2.0064146518707275 0.7541071772575378 -0.2434106171131134 0.1398756504058838 0.593724250793457
1680657967.4210682 -4.926302433013916 -26.63986587524414 -1.9420727491378784 0.7571775317192078 -0.23888222873210907 0.14381086826324463 0.5907079577445984
1680657967.4210749 -4.924141883850098 -26.512348175048828 -1.878944993019104 0.7594650387763977 -0.23199716210365295 0.14588439464569092 0.5900065898895264
1680657967.4210815 -4.921101093292236 -26.382638931274414 -1.81666898727417 0.7603665590286255 -0.22411152720451355 0.14797362685203552 0.5913715958595276
1680657967.421088 -4.91694450378418 -26.250465393066406 -1.755926489830017 0.7599603533744812 -0.21530237793922424 0.15006870031356812 0.5946298241615295
1680657967.4210947 -4.911872386932373 -26.116003036499023 -1.6963655948638916 0.7583140730857849 -0.20564371347427368 0.15215802192687988 0.5995984077453613
1680657967.4211016 -4.905200004577637 -25.97819709777832 -1.6405901908874512 0.7554885745048523 -0.1952083706855774 0.15422800183296204 0.6060894131660461
1680657967.421108 -4.897679328918457 -25.837646484375 -1.587457537651062 0.7515416741371155 -0.18406862020492554 0.1562645137310028 0.613909900188446
1680657967.421115 -4.889193058013916 -25.694021224975586 -1.5379586219787598 0.7465305328369141 -0.17229771614074707 0.15825295448303223 0.6228656768798828
1680657967.4211214 -4.879780292510986 -25.54642105102539 -1.4953384399414062 0.7405151724815369 -0.15997087955474854 0.1601787805557251 0.6327633261680603
1680657967.4211283 -4.870231628417969 -25.395673751831055 -1.458048701286316 0.7335609197616577 -0.1471649706363678 0.1620289534330368 0.6434107422828674
1680657967.421135 -4.860923767089844 -25.24201202392578 -1.4259017705917358 0.7257403135299683 -0.13395971059799194 0.16379085183143616 0.6546208262443542
1680657967.4211414 -4.852652549743652 -25.095529556274414 -1.4000072479248047 0.7171341180801392 -0.12043827772140503 0.16545370221138 0.6662119626998901
1680657967.421148 -4.84599494934082 -24.95635414123535 -1.380664348602295 0.7078334093093872 -0.10668627172708511 0.1670086681842804 0.6780103445053101
1680657967.4211547 -4.840554237365723 -24.825414657592773 -1.3644182682037354 0.6979400515556335 -0.09279239177703857 0.16844919323921204 0.6898508071899414
1680657967.4211614 -4.836329460144043 -24.702754974365234 -1.3512094020843506 0.6875672936439514 -0.07884790748357773 0.1697711944580078 0.7015782594680786
1680657967.421169 -4.833184719085693 -24.58861541748047 -1.3399895429611206 0.6768394708633423 -0.06494629383087158 0.17097294330596924 0.7130488157272339
1680657967.4211783 -4.831132888793945 -24.483041763305664 -1.3307565450668335 0.6658920645713806 -0.05118291825056076 0.17205560207366943 0.724130392074585
1680657967.4211876 -4.829471111297607 -24.386247634887695 -1.3224350214004517 0.6548712253570557 -0.03765422850847244 0.1730228066444397 0.7347032427787781
1680657967.4211967 -4.828631401062012 -24.29817771911621 -1.3158105611801147 0.6439324617385864 -0.024457819759845734 0.17388105392456055 0.7446597814559937
1680657967.4212067 -4.828254222869873 -24.218963623046875 -1.3102765083312988 0.6332401037216187 -0.01169104129076004 0.17463892698287964 0.7539042830467224
1680657967.4212177 -4.828120231628418 -24.14869499206543 -1.3054873943328857 0.6229656338691711 0.0005486384034156799 0.17530754208564758 0.7623521685600281
1680657967.4212282 -4.828195571899414 -24.087413787841797 -1.3014358282089233 0.6132621765136719 0.01217147707939148 0.17589695751667023 0.7699490785598755
1680657967.4212363 -4.82852029800415 -24.035112380981445 -1.2982782125473022 0.6041877269744873 0.023116476833820343 0.1764066070318222 0.7767261862754822
1680657967.421243 -4.82913064956665 -23.991777420043945 -1.2961574792861938 0.5957740545272827 0.03333057463169098 0.17683297395706177 0.7827339768409729
1680657967.4212747 -4.829829216003418 -23.95744514465332 -1.294685959815979 0.5880501866340637 0.042761869728565216 0.17717212438583374 0.7880218625068665
1680657967.4212818 -4.830529689788818 -23.932071685791016 -1.2936660051345825 0.5810858011245728 0.05086217448115349 0.17674139142036438 0.7927891612052917
1680657967.4212887 -4.830970287322998 -23.91549301147461 -1.2923390865325928 0.5751088857650757 0.05571752414107323 0.17291869223117828 0.7976492643356323
1680657967.4212956 -4.831478118896484 -23.907968521118164 -1.2918435335159302 0.5699005722999573 0.06011693552136421 0.1695544719696045 0.801779568195343
1680657967.4213045 -4.831876277923584 -23.897722244262695 -1.2910449504852295 0.5654566287994385 0.06399160623550415 0.16666199266910553 0.8052251935005188
1680657967.4213154 -4.8321533203125 -23.884742736816406 -1.289945363998413 0.5617720484733582 0.0672793984413147 0.16425472497940063 0.8080258965492249
1680657967.4213257 -4.83230447769165 -23.86903190612793 -1.2885472774505615 0.558840811252594 0.06992411613464355 0.1623467653989792 0.8102166652679443
1680657967.4213364 -4.832324028015137 -23.85057258605957 -1.2868521213531494 0.5566568970680237 0.0718761458992958 0.1609525978565216 0.8118258118629456
1680657967.4213438 -4.832209587097168 -23.829370498657227 -1.2848608493804932 0.5552144646644592 0.07309161126613617 0.16008757054805756 0.8128753900527954
1680657967.4213505 -4.83195686340332 -23.805419921875 -1.2825744152069092 0.5545076727867126 0.07353277504444122 0.15976767241954803 0.8133808970451355
1680657967.4213574 -4.831565856933594 -23.778715133666992 -1.2799932956695557 0.5545316338539124 0.07316792011260986 0.16000968217849731 0.8133499026298523
1680657967.4213638 -4.831035137176514 -23.749267578125 -1.2771170139312744 0.5552822947502136 0.0719718188047409 0.1608307659626007 0.8127822279930115
1680657967.4213703 -4.830367088317871 -23.717065811157227 -1.27394437789917 0.5567574501037598 0.06992591172456741 0.16224868595600128 0.8116690516471863
1680657967.421377 -4.829665184020996 -23.68209457397461 -1.2707912921905518 0.5589563846588135 0.06701862066984177 0.16428157687187195 0.8099923729896545
1680657967.4213874 -4.828845024108887 -23.644378662109375 -1.2673852443695068 0.5618807673454285 0.0632466971874237 0.1669476181268692 0.8077241778373718
1680657967.4213953 -4.827609539031982 -23.603717803955078 -1.262727975845337 0.5657745003700256 0.0562584325671196 0.16690972447395325 0.8055279850959778
1680657967.4214017 -4.826035022735596 -23.560123443603516 -1.25693941116333 0.5705214738845825 0.04632369056344032 0.16465984284877777 0.8032723069190979
1680657967.4214084 -4.824315071105957 -23.51370620727539 -1.2505624294281006 0.5759153962135315 0.03476918861269951 0.16211539506912231 0.8005192875862122
1680657967.421415 -4.822490215301514 -23.46444320678711 -1.2436022758483887 0.5818530917167664 0.021708883345127106 0.1592792570590973 0.797248899936676
1680657967.4214218 -4.820600509643555 -23.412303924560547 -1.2360714673995972 0.588220477104187 0.007291719317436218 0.15616020560264587 0.7934466004371643
1680657967.421429 -4.818728923797607 -23.35723876953125 -1.2282421588897705 0.5949044823646545 -0.008331112563610077 0.15276798605918884 0.7891015410423279
1680657967.4214356 -4.816915035247803 -23.299222946166992 -1.2201220989227295 0.6017947793006897 -0.025006525218486786 0.14911393821239471 0.784208357334137
1680657967.4214423 -4.815152645111084 -23.238250732421875 -1.2115124464035034 0.6087850332260132 -0.04257933422923088 0.1452111005783081 0.7787691950798035
1680657967.421449 -4.8134765625 -23.17428970336914 -1.2024383544921875 0.6157748699188232 -0.06089247018098831 0.14107438921928406 0.7727947235107422
1680657967.4214556 -4.811911582946777 -23.107309341430664 -1.1929287910461426 0.62267005443573 -0.0797874927520752 0.13672105967998505 0.7663049101829529
1680657967.421462 -4.810484409332275 -23.03729248046875 -1.183077335357666 0.6293845176696777 -0.0991053655743599 0.1321706771850586 0.759331464767456
1680657967.4214928 -4.809229850769043 -22.96417236328125 -1.173384666442871 0.6358397006988525 -0.11868677288293839 0.1274450123310089 0.7519168257713318
1680657967.4215004 -4.808140754699707 -22.887964248657227 -1.163388967514038 0.6419677138328552 -0.138373002409935 0.12256820499897003 0.7441151738166809
1680657967.4215071 -4.807226657867432 -22.80864715576172 -1.1531307697296143 0.6477094292640686 -0.15800684690475464 0.11756657063961029 0.7359922528266907
1680657967.4215138 -4.806485652923584 -22.72620964050293 -1.1426528692245483 0.6530155539512634 -0.1774330735206604 0.1124684140086174 0.7276256084442139
1680657967.4215205 -4.805866718292236 -22.640607833862305 -1.1323760747909546 0.6578479409217834 -0.1964995414018631 0.1073039323091507 0.7191035151481628
1680657967.4215267 -4.805366039276123 -22.55183982849121 -1.1222655773162842 0.6621776819229126 -0.21505728363990784 0.10210491716861725 0.71052485704422
1680657967.4215333 -4.805001258850098 -22.459918975830078 -1.1120879650115967 0.6659860014915466 -0.23296184837818146 0.09690437465906143 0.7019977569580078
1680657967.42154 -4.80474853515625 -22.36483383178711 -1.1018844842910767 0.6692630648612976 -0.2500725984573364 0.09173639863729477 0.6936389803886414
1680657967.421547 -4.804459095001221 -22.266559600830078 -1.0921425819396973 0.6720070838928223 -0.2662539780139923 0.08663596212863922 0.6855723857879639
1680657967.4215534 -4.804139137268066 -22.165103912353516 -1.0827664136886597 0.6742235422134399 -0.2813745141029358 0.08163805305957794 0.6779279112815857
1680657967.42156 -4.803831577301025 -22.06049346923828 -1.0734978914260864 0.6759236454963684 -0.2953070104122162 0.07677832990884781 0.670839786529541
1680657967.4215667 -4.802311897277832 -21.95511245727539 -1.0675342082977295 0.6832879781723022 -0.29444146156311035 0.08003357797861099 0.6633372902870178
1680657967.4215734 -4.800480842590332 -21.846391677856445 -1.062219500541687 0.6897234320640564 -0.2936471104621887 0.0829007625579834 0.656643271446228
1680657967.42158 -4.798656940460205 -21.734325408935547 -1.0567611455917358 0.6951877474784851 -0.29294389486312866 0.08535215258598328 0.650855541229248
1680657967.4215868 -4.796820163726807 -21.618900299072266 -1.0511587858200073 0.6996445655822754 -0.2923504114151001 0.08736360818147659 0.6460621356964111
1680657967.4215934 -4.794655799865723 -21.50006866455078 -1.046102523803711 0.7030638456344604 -0.29188257455825806 0.08891408890485764 0.6423395276069641
1680657967.4215996 -4.792380332946777 -21.37782859802246 -1.0410665273666382 0.7054182887077332 -0.2915540337562561 0.08998550474643707 0.6397529244422913
1680657967.421606 -4.790047645568848 -21.252178192138672 -1.0359076261520386 0.706683337688446 -0.2913752794265747 0.0905623733997345 0.6383554339408875
1680657967.4216127 -4.787606239318848 -21.135507583618164 -1.0317355394363403 0.7068345546722412 -0.29135385155677795 0.09063152968883514 0.638187825679779
1680657967.4216194 -4.785308837890625 -21.0278263092041 -1.0280022621154785 0.7058477997779846 -0.2914935350418091 0.09018129855394363 0.6392790675163269
1680657967.421626 -4.783209323883057 -20.92912483215332 -1.0245968103408813 0.7036977410316467 -0.29179465770721436 0.08920226246118546 0.6416450142860413
1680657967.4216325 -4.781252384185791 -20.839399337768555 -1.0216485261917114 0.7003582715988159 -0.29225361347198486 0.0876866951584816 0.6452884078025818
1680657967.4216392 -4.779377460479736 -20.758642196655273 -1.0193105936050415 0.6958028078079224 -0.2928631007671356 0.0856291800737381 0.6501979231834412
1680657967.4216459 -4.777767181396484 -20.686952590942383 -1.017253041267395 0.6900053024291992 -0.29361146688461304 0.08302683383226395 0.6563470959663391
1680657967.4216526 -4.776447772979736 -20.624324798583984 -1.015476942062378 0.6829424500465393 -0.29448312520980835 0.0798802375793457 0.6636930108070374
1680657967.4216592 -4.775469779968262 -20.571048736572266 -1.0138262510299683 0.6756948232650757 -0.2932385802268982 0.07350177317857742 0.6723430156707764
1680657967.421666 -4.774832725524902 -20.526987075805664 -1.0123944282531738 0.6675936579704285 -0.29103976488113403 0.06553486734628677 0.6821434497833252
1680657967.421703 -4.774553298950195 -20.49211883544922 -1.0112048387527466 0.6584744453430176 -0.2881008982658386 0.0564088448882103 0.6929842233657837
1680657967.4217107 -4.774630069732666 -20.46649169921875 -1.010297179222107 0.648379385471344 -0.28423061966896057 0.04608823359012604 0.7047644853591919
1680657967.4217222 -4.775096416473389 -20.450157165527344 -1.009637713432312 0.6373656392097473 -0.279213547706604 0.03455109894275665 0.7173639535903931
1680657967.4217298 -4.775030612945557 -20.444171905517578 -1.0114421844482422 0.6283714175224304 -0.2661460340023041 0.029562823474407196 0.7303709387779236
1680657967.4217367 -4.77418327331543 -20.430925369262695 -1.014986276626587 0.6205907464027405 -0.24628528952598572 0.03020404279232025 0.7438402771949768
1680657967.4217434 -4.773291110992432 -20.40968132019043 -1.018656849861145 0.611941397190094 -0.22453244030475616 0.031129837036132812 0.7577228546142578
1680657967.42175 -4.772409439086914 -20.38046646118164 -1.0223876237869263 0.6024720072746277 -0.20111891627311707 0.032324038445949554 0.7717083096504211
1680657967.4217565 -4.771579265594482 -20.34330940246582 -1.0261101722717285 0.5922514796257019 -0.17629003524780273 0.0337706133723259 0.7855058908462524
1680657967.4217627 -4.770832538604736 -20.29825210571289 -1.0297561883926392 0.5813718438148499 -0.15030378103256226 0.0354541540145874 0.7988483905792236
1680657967.42177 -4.770186424255371 -20.245336532592773 -1.0332573652267456 0.5699489116668701 -0.12342962622642517 0.03735987842082977 0.8114972114562988
1680657967.421781 -4.769643306732178 -20.184612274169922 -1.036549687385559 0.5581235885620117 -0.09594754874706268 0.03947373107075691 0.8232460021972656
1680657967.4217877 -4.769190788269043 -20.116132736206055 -1.0395724773406982 0.5460613369941711 -0.06814466416835785 0.04178245738148689 0.8339230418205261
1680657967.4217944 -4.768738746643066 -20.039953231811523 -1.042374849319458 0.5339503884315491 -0.040312863886356354 0.044274598360061646 0.8433929085731506
1680657967.4218013 -4.768205642700195 -19.956127166748047 -1.0449774265289307 0.5220012068748474 -0.012745669111609459 0.04693973809480667 0.8515568375587463
1680657967.4218082 -4.76762056350708 -19.864709854125977 -1.0472036600112915 0.5104423761367798 0.014264856465160847 0.04976927116513252 0.8583519458770752
1680657967.4218147 -4.767098426818848 -19.771955490112305 -1.0491656064987183 0.4995194673538208 0.04043048620223999 0.052756622433662415 0.8637490272521973
1680657967.4218214 -4.766501426696777 -19.676166534423828 -1.0508278608322144 0.4894910156726837 0.06547006219625473 0.05589685216546059 0.8677486777305603
1680657967.421828 -4.76560640335083 -19.57740020751953 -1.0523794889450073 0.4806252717971802 0.08910971879959106 0.059187665581703186 0.870376706123352
1680657967.4218395 -4.764484882354736 -19.4757022857666 -1.0536211729049683 0.473196804523468 0.11108517646789551 0.06262864172458649 0.8716779947280884
1680657967.421846 -4.763053894042969 -19.371124267578125 -1.0545629262924194 0.4674832820892334 0.13114146888256073 0.06622141599655151 0.8717086911201477
1680657967.4218526 -4.761185169219971 -19.26371955871582 -1.0552654266357422 0.46376198530197144 0.1490326225757599 0.06996943056583405 0.8705276846885681
1680657967.4218593 -4.75874137878418 -19.153539657592773 -1.055807113647461 0.46230533719062805 0.16451966762542725 0.0738779678940773 0.8681872487068176
1680657967.421866 -4.755761623382568 -19.040639877319336 -1.0560952425003052 0.46337854862213135 0.17736947536468506 0.0779530480504036 0.8647217750549316
1680657967.4218726 -4.752184867858887 -18.925086975097656 -1.0561339855194092 0.4672333002090454 0.18735095858573914 0.08220186829566956 0.8601369261741638
1680657967.4218793 -4.747801303863525 -18.80694007873535 -1.0558395385742188 0.474141001701355 0.19402742385864258 0.08611959964036942 0.854474663734436
1680657967.4218857 -4.742063999176025 -18.686256408691406 -1.0536788702011108 0.48521459102630615 0.19433267414569855 0.0841272622346878 0.8483656048774719
1680657967.421896 -4.7359299659729 -18.56292724609375 -1.051521897315979 0.4985305964946747 0.19232754409313202 0.0833527073264122 0.841147780418396
1680657967.4219062 -4.72941780090332 -18.436904907226562 -1.049385905265808 0.5137297511100769 0.188254714012146 0.08382956683635712 0.8328351974487305
1680657967.4219167 -4.722667217254639 -18.308143615722656 -1.047243595123291 0.5304642915725708 0.18238207697868347 0.08557669818401337 0.8234202861785889
1680657967.4219263 -4.715810298919678 -18.17658805847168 -1.045064926147461 0.5484026670455933 0.17499539256095886 0.08859124779701233 0.8128854036331177
1680657967.4219332 -4.708857536315918 -18.042194366455078 -1.042849063873291 0.5672334432601929 0.1663932055234909 0.09284292906522751 0.801211416721344
1680657967.4219394 -4.701923847198486 -17.904903411865234 -1.0405715703964233 0.5866672992706299 0.15688017010688782 0.09827141463756561 0.7883861064910889
1680657967.421946 -4.695108413696289 -17.7646541595459 -1.0382107496261597 0.6064378023147583 0.14676064252853394 0.10478648543357849 0.774412214756012
1680657967.4219525 -4.68838357925415 -17.62139320373535 -1.0357552766799927 0.6263000965118408 0.13633179664611816 0.11226969212293625 0.7593135833740234
1680657967.4219592 -4.68187141418457 -17.47504234313965 -1.0331954956054688 0.6460315585136414 0.12587669491767883 0.12057723104953766 0.7431415915489197
1680657967.4219658 -4.67558479309082 -17.32554054260254 -1.0305163860321045 0.6654290556907654 0.1156575083732605 0.12954430282115936 0.7259790897369385
1680657967.4219725 -4.669525146484375 -17.172801971435547 -1.0277090072631836 0.6843081116676331 0.10590817034244537 0.1389901041984558 0.7079460620880127
1680657967.4219792 -4.663527965545654 -17.016706466674805 -1.0241894721984863 0.7027474641799927 0.09502608329057693 0.1469549685716629 0.6895798444747925
1680657967.4219856 -4.657215595245361 -16.857053756713867 -1.0189917087554932 0.7208355665206909 0.08022724092006683 0.1507723182439804 0.6717345714569092
1680657967.4219925 -4.651110649108887 -16.693824768066406 -1.0135369300842285 0.7378035187721252 0.0655640959739685 0.15437641739845276 0.6538465023040771
1680657967.4219992 -4.645158767700195 -16.52693748474121 -1.0078121423721313 0.7535114288330078 0.051278918981552124 0.15776628255844116 0.6361610293388367
1680657967.4220057 -4.639341831207275 -16.356319427490234 -1.0019607543945312 0.7678473591804504 0.037611909210681915 0.16094601154327393 0.618944525718689
1680657967.4220123 -4.633606910705566 -16.181903839111328 -0.9959423542022705 0.780725359916687 0.024799883365631104 0.1639244705438614 0.6024795770645142
1680657967.4220192 -4.627902507781982 -16.003643035888672 -0.9899300932884216 0.7920821309089661 0.013075172901153564 0.1667146384716034 0.5870614647865295
1680657967.422026 -4.622188568115234 -15.821507453918457 -0.9838366508483887 0.8019059896469116 0.002612784504890442 0.16933366656303406 0.5729451179504395
1680657967.4220328 -4.616419792175293 -15.635525703430176 -0.9776812791824341 0.8103245496749878 -0.0066288188099861145 0.17180250585079193 0.5601911544799805
1680657967.4220395 -4.6105637550354 -15.445740699768066 -0.9714345932006836 0.8174840211868286 -0.014747388660907745 0.17414018511772156 0.5487964749336243
1680657967.4220462 -4.604619026184082 -15.252198219299316 -0.964970052242279 0.8235142827033997 -0.021842122077941895 0.17636196315288544 0.5387425422668457
1680657967.4220529 -4.5986008644104 -15.054936408996582 -0.9581521153450012 0.8285300135612488 -0.02801332250237465 0.17847993969917297 0.5299983024597168
1680657967.4220595 -4.592483043670654 -14.853991508483887 -0.9510476589202881 0.8326324820518494 -0.03336199373006821 0.1805037260055542 0.5225214958190918
1680657967.4220662 -4.586252212524414 -14.649394035339355 -0.9436572194099426 0.8359108567237854 -0.037989307194948196 0.18244034051895142 0.5162609219551086
1680657967.422073 -4.579897403717041 -14.441173553466797 -0.9360064268112183 0.8384443521499634 -0.04199644923210144 0.18429473042488098 0.5111582279205322
1680657967.4221063 -4.573436260223389 -14.22935962677002 -0.9280279278755188 0.8403028845787048 -0.045484405010938644 0.1860697865486145 0.5071492195129395
1680657967.4221148 -4.566827297210693 -14.013970375061035 -0.9198629260063171 0.8415490388870239 -0.04855412617325783 0.18776723742485046 0.5041638016700745
1680657967.4221218 -4.560043811798096 -13.795027732849121 -0.9115612506866455 0.8422391414642334 -0.05130626633763313 0.18938714265823364 0.5021288990974426
1680657967.4221284 -4.553122520446777 -13.572554588317871 -0.9030435085296631 0.8424242734909058 -0.05384127050638199 0.19092857837677002 0.5009678602218628
1680657967.4221354 -4.546027660369873 -13.346566200256348 -0.8944000005722046 0.8421515822410583 -0.05625953897833824 0.1923898309469223 0.5006015300750732
1680657967.422142 -4.538784027099609 -13.117080688476562 -0.8855752348899841 0.8414648175239563 -0.05866129323840141 0.19376841187477112 0.5009489059448242
1680657967.4221487 -4.53140115737915 -12.884117126464844 -0.8765612840652466 0.8404054045677185 -0.06114659458398819 0.1950613558292389 0.5019271373748779
1680657967.4221554 -4.523875713348389 -12.647687911987305 -0.8673529028892517 0.8390130996704102 -0.06381536275148392 0.19626498222351074 0.5034528374671936
1680657967.4221616 -4.516252517700195 -12.407815933227539 -0.857896089553833 0.8373258113861084 -0.06676756590604782 0.19737550616264343 0.505440890789032
1680657967.4221714 -4.508495807647705 -12.164508819580078 -0.8482134938240051 0.8353806138038635 -0.0701030045747757 0.19838882982730865 0.5078057646751404
1680657967.4221826 -4.500695705413818 -11.917786598205566 -0.8382192850112915 0.8332132697105408 -0.07392142713069916 0.19930055737495422 0.5104612708091736
1680657967.422194 -4.492773532867432 -11.66766357421875 -0.8279626369476318 0.8308586478233337 -0.07832227647304535 0.2001059651374817 0.5133196115493774
1680657967.4222019 -4.484882831573486 -11.414152145385742 -0.8173251152038574 0.82835453748703 -0.08337651193141937 0.20079676806926727 0.5162922739982605
1680657967.4222085 -4.476929664611816 -11.157272338867188 -0.8063918948173523 0.8257535696029663 -0.08904164284467697 0.2013515830039978 0.5192880034446716
1680657967.4222152 -4.469221115112305 -10.903546333312988 -0.7953600883483887 0.8231141567230225 -0.0952470451593399 0.20174628496170044 0.5222159624099731
1680657967.4222221 -4.461771011352539 -10.652995109558105 -0.7842476963996887 0.8204963207244873 -0.10192210972309113 0.20195719599723816 0.5249865651130676
1680657967.4222302 -4.454549312591553 -10.4056396484375 -0.773083508014679 0.817962646484375 -0.10899635404348373 0.2019612193107605 0.527511715888977
1680657967.4222412 -4.44782829284668 -10.161507606506348 -0.7617471218109131 0.8155777454376221 -0.1163993552327156 0.20173554122447968 0.5297044515609741
1680657967.422251 -4.441462516784668 -9.920601844787598 -0.7507995367050171 0.8134084343910217 -0.12406113743782043 0.2012583315372467 0.5314796566963196
1680657967.4222581 -4.435463905334473 -9.682942390441895 -0.7404012680053711 0.8115231394767761 -0.13191194832324982 0.20050795376300812 0.5327532887458801
1680657967.4222648 -4.429873943328857 -9.44853401184082 -0.7311895489692688 0.8099919557571411 -0.1398816853761673 0.19946347177028656 0.5334420800209045
1680657967.4222715 -4.424576282501221 -9.217412948608398 -0.7232595682144165 0.8088856339454651 -0.14790157973766327 0.19810384511947632 0.5334640741348267
1680657967.4222782 -4.419505596160889 -8.989625930786133 -0.7159243822097778 0.8082754611968994 -0.1559021919965744 0.19640834629535675 0.5327373147010803
1680657967.4222848 -4.414670467376709 -8.76518440246582 -0.7102181911468506 0.808231770992279 -0.16381418704986572 0.19435623288154602 0.5311799049377441
1680657967.4222915 -4.410032749176025 -8.544148445129395 -0.7045538425445557 0.8088237047195435 -0.17156824469566345 0.1919264942407608 0.5287085175514221
1680657967.4222982 -4.405579566955566 -8.326528549194336 -0.7001904249191284 0.810117781162262 -0.17909514904022217 0.18909737467765808 0.5252391695976257
1680657967.4223046 -4.401362419128418 -8.112369537353516 -0.6957790851593018 0.812176525592804 -0.18632502853870392 0.1858462393283844 0.5206853151321411
1680657967.422311 -4.397133827209473 -7.8915534019470215 -0.6918615698814392 0.815057635307312 -0.1931873857975006 0.18214939534664154 0.5149576663970947
1680657967.4223177 -4.392929553985596 -7.664104461669922 -0.6882925033569336 0.8188113570213318 -0.19961075484752655 0.177981898188591 0.5079625248908997
1680657967.4223242 -4.388812065124512 -7.430049896240234 -0.6846261620521545 0.8234803080558777 -0.205522358417511 0.17331671714782715 0.49960193037986755
1680657967.4223306 -4.3847336769104 -7.189409255981445 -0.6815252304077148 0.8290960192680359 -0.21084782481193542 0.1681252419948578 0.4897722899913788
1680657967.422337 -4.38078498840332 -6.94219970703125 -0.6785998344421387 0.835677444934845 -0.21551167964935303 0.16237583756446838 0.478363960981369
1680657967.4223437 -4.377026081085205 -6.688422203063965 -0.6756505966186523 0.8431938290596008 -0.21944916248321533 0.1560550332069397 0.46530964970588684
1680657967.4223504 -4.373398303985596 -6.428022384643555 -0.6730978488922119 0.8514643907546997 -0.22265225648880005 0.1492273360490799 0.4507389962673187
1680657967.422357 -4.369906902313232 -6.160928249359131 -0.6709139943122864 0.8602770566940308 -0.22512823343276978 0.14197957515716553 0.434836208820343
1680657967.4223633 -4.36659049987793 -5.8870697021484375 -0.6688464283943176 0.8694289326667786 -0.22688721120357513 0.13440096378326416 0.4177940785884857
1680657967.4223702 -4.363422870635986 -5.606376647949219 -0.6669424176216125 0.8787299394607544 -0.22794368863105774 0.12658415734767914 0.39981478452682495
1680657967.4223769 -4.360345363616943 -5.318784236907959 -0.6656631231307983 0.8880059123039246 -0.22831657528877258 0.11862494051456451 0.38111039996147156
1680657967.4223835 -4.357400894165039 -5.024952411651611 -0.6659188866615295 0.8984487056732178 -0.22266335785388947 0.11278428137302399 0.36123472452163696
1680657967.4223902 -4.35465669631958 -4.7317705154418945 -0.6662622094154358 0.9083694815635681 -0.21695087850093842 0.10650990158319473 0.34125185012817383
1680657967.4223967 -4.352055549621582 -4.43914794921875 -0.6666982769966125 0.9175776839256287 -0.2115904837846756 0.09983060508966446 0.3214257061481476
1680657967.4224036 -4.349544525146484 -4.147051811218262 -0.6673712134361267 0.9259954690933228 -0.20665386319160461 0.09292783588171005 0.30197834968566895
1680657967.4224102 -4.347026348114014 -3.8554577827453613 -0.6680712699890137 0.9335726499557495 -0.20219242572784424 0.08599207550287247 0.28313541412353516
1680657967.422417 -4.344427585601807 -3.5643534660339355 -0.6688015460968018 0.9402843117713928 -0.19823798537254333 0.07921647280454636 0.2651262879371643
1680657967.4224236 -4.341681957244873 -3.2737343311309814 -0.6695907711982727 0.9461269974708557 -0.19480487704277039 0.07279185950756073 0.24818553030490875
1680657967.4224303 -4.338767051696777 -2.9836010932922363 -0.670570969581604 0.9511154294013977 -0.19189244508743286 0.06690173596143723 0.23255300521850586
1680657967.422437 -4.335534572601318 -2.6939616203308105 -0.6715810894966125 0.9552768468856812 -0.1894884705543518 0.061718836426734924 0.21847422420978546
1680657967.4224734 -4.331906795501709 -2.4048268795013428 -0.672619640827179 0.958646297454834 -0.1875731647014618 0.057402219623327255 0.20620004832744598
1680657967.4224818 -4.32780122756958 -2.116208791732788 -0.6736843585968018 0.9612600803375244 -0.18612374365329742 0.05409549921751022 0.1959865242242813
1680657967.4224882 -4.323240756988525 -1.8281152248382568 -0.6748626828193665 0.9631485939025879 -0.18511953949928284 0.051925670355558395 0.18809355795383453
1680657967.422495 -4.318084716796875 -1.5405529737472534 -0.6760922074317932 0.9643290042877197 -0.18454775214195251 0.0510026216506958 0.18278473615646362
1680657967.4225016 -4.312225341796875 -1.2535192966461182 -0.677345871925354 0.9647963643074036 -0.18440935015678406 0.0514187254011631 0.18032565712928772
1680657967.4225454 -4.305666446685791 -0.9674729704856873 -0.6797860860824585 0.9654478430747986 -0.17987672984600067 0.05411370098590851 0.18062785267829895
1680657967.4225526 -4.298464298248291 -0.6819923520088196 -0.6823529005050659 0.9654500484466553 -0.17540287971496582 0.05814391374588013 0.1837368756532669
1680657967.4225595 -4.290802001953125 -0.39708784222602844 -0.6850780844688416 0.9648221731185913 -0.17099875211715698 0.06336364150047302 0.18937449157238007
1680657967.4225662 -4.282617092132568 -0.11276855319738388 -0.6879095435142517 0.9635668992996216 -0.16667312383651733 0.06962556391954422 0.1972590833902359
1680657967.422573 -4.273990154266357 0.17096252739429474 -0.6908480525016785 0.9616792798042297 -0.16243325173854828 0.07678131759166718 0.2071061134338379
1680657967.4225798 -4.265007019042969 0.4541032314300537 -0.6938924789428711 0.9591534733772278 -0.15828660130500793 0.08468186110258102 0.21862974762916565
1680657967.4225864 -4.255914211273193 0.7366527915000916 -0.6970495581626892 0.9559890627861023 -0.15424174070358276 0.09317705780267715 0.2315434217453003
1680657967.4225934 -4.246726036071777 1.018601655960083 -0.7003087997436523 0.9521968364715576 -0.15030914545059204 0.10211727023124695 0.2455614060163498
1680657967.4226 -4.237429141998291 1.299934983253479 -0.7036535739898682 0.9478024840354919 -0.14650246500968933 0.11135302484035492 0.26039978861808777
1680657967.422607 -4.22810173034668 1.580631971359253 -0.7070672512054443 0.9428502321243286 -0.14283843338489532 0.12073580175638199 0.2757778763771057
1680657967.4226139 -4.218864440917969 1.860667109489441 -0.7105230689048767 0.9374052286148071 -0.13933724164962769 0.13011901080608368 0.2914198935031891
1680657967.4226205 -4.209992408752441 2.1424193382263184 -0.7139773368835449 0.9315546751022339 -0.13602280616760254 0.13935834169387817 0.3070555627346039
1680657967.422627 -4.201237678527832 2.4258410930633545 -0.7174282670021057 0.9254075288772583 -0.13292232155799866 0.1483127474784851 0.3224219083786011
1680657967.4226336 -4.192653656005859 2.710883378982544 -0.7208386063575745 0.919094979763031 -0.1300666332244873 0.15684445202350616 0.33726394176483154
1680657967.4226403 -4.184279918670654 2.997493267059326 -0.7241665720939636 0.9127675890922546 -0.12749002873897552 0.16481906175613403 0.35133495926856995
1680657967.4226468 -4.17666482925415 3.2856218814849854 -0.7272652983665466 0.9065939784049988 -0.12522906064987183 0.17210648953914642 0.3643959164619446
1680657967.4226537 -4.169346809387207 3.5751969814300537 -0.7301849126815796 0.9007568359375 -0.1233225017786026 0.17857994139194489 0.3762151300907135
1680657967.4226604 -4.162331581115723 3.866154670715332 -0.7328808307647705 0.8954485654830933 -0.12181107699871063 0.18411529064178467 0.38656896352767944
1680657967.4226673 -4.155810356140137 4.1584343910217285 -0.7352813482284546 0.8908677101135254 -0.12073574960231781 0.18859092891216278 0.39523550868034363
1680657967.4226737 -4.15008544921875 4.451974391937256 -0.7373016476631165 0.8872121572494507 -0.1201385110616684 0.19188524782657623 0.401996910572052
1680657967.4226804 -4.144703388214111 4.746720314025879 -0.7389663457870483 0.8846316337585449 -0.12004479765892029 0.19391928613185883 0.4067081809043884
1680657967.422687 -4.139655590057373 5.042688369750977 -0.7402932643890381 0.8830932378768921 -0.12041662633419037 0.19478245079517365 0.409519225358963
1680657967.4226937 -4.135604381561279 5.339918613433838 -0.7412756085395813 0.8825021386146545 -0.12119870632886887 0.19460204243659973 0.41064679622650146
1680657967.4227004 -4.131783485412598 5.6384406089782715 -0.7419946193695068 0.8827482461929321 -0.1223335936665535 0.19350256025791168 0.4103008210659027
1680657967.4227068 -4.128407955169678 5.929083824157715 -0.7424569725990295 0.8837112784385681 -0.12376197427511215 0.19160619378089905 0.40868616104125977
1680657967.4227135 -4.126042366027832 6.211897373199463 -0.7427099347114563 0.8852652907371521 -0.12542399764060974 0.18903383612632751 0.40600529313087463
1680657967.4227204 -4.123910903930664 6.486913681030273 -0.7427868247032166 0.8872824907302856 -0.12725964188575745 0.18590591847896576 0.40245985984802246
1680657967.4227273 -4.122365474700928 6.754177570343018 -0.7427603006362915 0.889635443687439 -0.12920913100242615 0.1823432892560959 0.39825206995010376
1680657967.4227338 -4.121531963348389 7.013731479644775 -0.742684006690979 0.8922009468078613 -0.1312125027179718 0.1784677356481552 0.3935858905315399
1680657967.4227405 -4.120811462402344 7.265608787536621 -0.7425515651702881 0.8948609828948975 -0.13321110606193542 0.17440196871757507 0.38866758346557617
1680657967.422747 -4.120945930480957 7.509851932525635 -0.7425222396850586 0.8975037336349487 -0.1351470798254013 0.17027035355567932 0.3837059736251831
1680657967.4227536 -4.12131929397583 7.746495246887207 -0.7425451278686523 0.9000239968299866 -0.13696354627609253 0.16619840264320374 0.3789139986038208
1680657967.4227602 -4.121910095214844 7.975571155548096 -0.7426794171333313 0.9023237824440002 -0.13860423862934113 0.1623130589723587 0.37450647354125977
1680657967.4227672 -4.123233318328857 8.197113037109375 -0.7430883646011353 0.9043108224868774 -0.14001426100730896 0.15874212980270386 0.37070050835609436
1680657967.4227738 -4.124390602111816 8.411155700683594 -0.7436099052429199 0.9058970808982849 -0.14113910496234894 0.15561433136463165 0.36771512031555176
1680657967.4227803 -4.126232624053955 8.61772346496582 -0.7445580959320068 0.9069966077804565 -0.14192497730255127 0.153058260679245 0.3657698929309845
1680657967.4227867 -4.1280198097229 8.816851615905762 -0.7457494735717773 0.9075225591659546 -0.14231720566749573 0.15120258927345276 0.3650842308998108
1680657967.4227936 -4.129950046539307 9.008574485778809 -0.7473370432853699 0.9073832035064697 -0.14226144552230835 0.1501750349998474 0.36587536334991455
1680657967.4228003 -4.132155895233154 9.192923545837402 -0.7494253516197205 0.9064785838127136 -0.14170119166374207 0.15010139346122742 0.3683571517467499
1680657967.4228067 -4.133994102478027 9.36994743347168 -0.7517861723899841 0.9046942591667175 -0.14057815074920654 0.1511053591966629 0.37273770570755005
1680657967.4228134 -4.136389255523682 9.539665222167969 -0.7546237111091614 0.9019264578819275 -0.13884785771369934 0.15326955914497375 0.3791548013687134
1680657967.42282 -4.138284683227539 9.702101707458496 -0.757725179195404 0.8981717824935913 -0.13652947545051575 0.15652307868003845 0.3874889612197876
1680657967.4228268 -4.140596866607666 9.857220649719238 -0.761004626750946 0.8934463858604431 -0.1336570680141449 0.16075564920902252 0.3975512981414795
1680657967.4228337 -4.142704963684082 10.005033493041992 -0.7644967436790466 0.8877608180046082 -0.13026486337184906 0.16585496068000793 0.40915021300315857
1680657967.4228406 -4.144880294799805 10.145523071289062 -0.7680141925811768 0.8811252117156982 -0.12638670206069946 0.171707883477211 0.4220914840698242
1680657967.422847 -4.147222995758057 10.278676986694336 -0.771519124507904 0.8735525012016296 -0.12205760180950165 0.17820073664188385 0.4361792206764221
1680657967.422854 -4.149281978607178 10.404494285583496 -0.7751986384391785 0.8650626540184021 -0.11731375008821487 0.18521970510482788 0.45121803879737854
1680657967.4228606 -4.151811599731445 10.522933006286621 -0.7783783078193665 0.8556839227676392 -0.11219414323568344 0.19265128672122955 0.46701493859291077
1680657967.4228673 -4.154105186462402 10.63399600982666 -0.7817370295524597 0.8454568982124329 -0.10673879086971283 0.20038354396820068 0.48337966203689575
1680657967.422874 -4.156380653381348 10.737649917602539 -0.7849410772323608 0.8344356417655945 -0.10099073499441147 0.2083064466714859 0.5001263618469238
1680657967.4228804 -4.158804893493652 10.833852767944336 -0.7877285480499268 0.822689414024353 -0.09499508142471313 0.21631230413913727 0.5170755386352539
1680657967.422887 -4.161087512969971 10.922585487365723 -0.7906567454338074 0.8103030323982239 -0.0887993574142456 0.2242966592311859 0.5340549945831299
1680657967.422914 -4.163280963897705 11.003806114196777 -0.7935788035392761 0.7973774671554565 -0.08245354890823364 0.23215919733047485 0.5509017109870911
1680657967.4229212 -4.165555477142334 11.07745361328125 -0.7958511114120483 0.7840301394462585 -0.07600933313369751 0.23980367183685303 0.5674623250961304
1680657967.422928 -4.167716979980469 11.14350414276123 -0.7982302904129028 0.770393967628479 -0.06952021270990372 0.24713873863220215 0.5835945010185242
1680657967.4229348 -4.169764518737793 11.201910972595215 -0.8006741404533386 0.7566167116165161 -0.06304110586643219 0.2540784776210785 0.5991671681404114
1680657967.4229414 -4.171687126159668 11.252625465393066 -0.8031423687934875 0.7428596019744873 -0.05662798881530762 0.2605420649051666 0.6140608787536621
1680657967.4229481 -4.173468112945557 11.295595169067383 -0.8055004477500916 0.7292964458465576 -0.05033724009990692 0.2664540112018585 0.6281680464744568
1680657967.4229548 -4.175087928771973 11.330766677856445 -0.807472825050354 0.7161110639572144 -0.04422567039728165 0.2717440724372864 0.6413922905921936
1680657967.4229615 -4.176496505737305 11.358107566833496 -0.8094625473022461 0.7034957408905029 -0.03834995627403259 0.27634650468826294 0.6536480188369751
1680657967.4229681 -4.176724910736084 11.378741264343262 -0.8091046214103699 0.6912163496017456 -0.040422603487968445 0.27283430099487305 0.6679426431655884
1680657967.4229748 -4.176793098449707 11.391372680664062 -0.8090035915374756 0.6798322796821594 -0.04169667512178421 0.2692325711250305 0.6808841824531555
1680657967.4229813 -4.176653861999512 11.395998001098633 -0.8091534376144409 0.6693715453147888 -0.04229595512151718 0.2656405568122864 0.6925227642059326
1680657967.4229915 -4.176729679107666 11.401759147644043 -0.8092516660690308 0.6598520874977112 -0.04234158992767334 0.2621392607688904 0.7029120326042175
1680657967.4230413 -4.17698335647583 11.408653259277344 -0.809293806552887 0.6512832045555115 -0.04194959998130798 0.25879406929016113 0.7121067643165588
1680657967.423058 -4.177382946014404 11.416688919067383 -0.8092769980430603 0.6436673402786255 -0.04122903198003769 0.25565779209136963 0.7201608419418335
1680657967.423065 -4.177900314331055 11.425873756408691 -0.8091992139816284 0.6370011568069458 -0.04028037190437317 0.25277259945869446 0.7271265387535095
1680657967.4230719 -4.17851448059082 11.436214447021484 -0.8090581893920898 0.631277859210968 -0.03919510543346405 0.25017231702804565 0.7330524325370789
1680657967.423078 -4.179201602935791 11.447724342346191 -0.8088521957397461 0.6264868378639221 -0.03805525600910187 0.2478841245174408 0.7379832863807678
1680657967.4230847 -4.179951190948486 11.460407257080078 -0.8085809350013733 0.62261563539505 -0.03693317621946335 0.24593019485473633 0.7419595718383789
1680657967.4230914 -4.180747985839844 11.474274635314941 -0.8082424998283386 0.6196499466896057 -0.03589187562465668 0.24432870745658875 0.7450162768363953
1680657967.423098 -4.181586742401123 11.489333152770996 -0.8078368902206421 0.6175747513771057 -0.034984663128852844 0.24309495091438293 0.7471828460693359
1680657967.4231048 -4.182458400726318 11.505589485168457 -0.8073635697364807 0.6163742542266846 -0.03425578027963638 0.24224191904067993 0.7484838962554932
1680657967.4231112 -4.183359146118164 11.523050308227539 -0.806821882724762 0.6160326600074768 -0.03374037891626358 0.2417811155319214 0.7489373683929443
1680657967.4231179 -4.184289455413818 11.541718482971191 -0.8062112331390381 0.6165345907211304 -0.03346441686153412 0.24172255396842957 0.7485555410385132
1680657967.4231246 -4.185251235961914 11.561598777770996 -0.8055312633514404 0.6178648471832275 -0.033445246517658234 0.2420753687620163 0.7473445534706116
1680657967.423131 -4.1862473487854 11.582690238952637 -0.8047820925712585 0.6200089454650879 -0.03369081765413284 0.24284759163856506 0.7453045845031738
1680657967.4231374 -4.187277793884277 11.60499382019043 -0.8039132356643677 0.6229529976844788 -0.03420042246580124 0.24404622614383698 0.742429256439209
1680657967.4231439 -4.188317775726318 11.628498077392578 -0.802661120891571 0.6266846060752869 -0.034963540732860565 0.2456769347190857 0.7387060523033142
1680657967.4231508 -4.189411640167236 11.65321159362793 -0.8013156056404114 0.6311920881271362 -0.03596026450395584 0.24774396419525146 0.7341159582138062
1680657967.4231575 -4.189836502075195 11.680330276489258 -0.7973214387893677 0.6359896063804626 -0.04457606375217438 0.2417200654745102 0.7315064668655396
1680657967.4231641 -4.190316200256348 11.708784103393555 -0.7929861545562744 0.6413741111755371 -0.054145410656929016 0.23539119958877563 0.7282159328460693
1680657967.4231706 -4.190883636474609 11.738565444946289 -0.7883367538452148 0.6473134160041809 -0.06454367935657501 0.22882747650146484 0.724194347858429
1680657967.4231772 -4.191568374633789 11.769671440124512 -0.7834002375602722 0.653776228427887 -0.07564586400985718 0.22210000455379486 0.719392716884613
1680657967.4231842 -4.192398548126221 11.802094459533691 -0.7782058715820312 0.6607321500778198 -0.0873260647058487 0.21528086066246033 0.7137656211853027
1680657967.4231906 -4.193370342254639 11.83519172668457 -0.772813081741333 0.6681525707244873 -0.0994579941034317 0.2084435522556305 0.7072703838348389
1680657967.4231973 -4.194508075714111 11.8689546585083 -0.7672536969184875 0.6760110855102539 -0.11191456019878387 0.20166251063346863 0.6998688578605652
1680657967.423204 -4.195785999298096 11.903365135192871 -0.7611986994743347 0.6842831373214722 -0.12456876039505005 0.19501323997974396 0.6915266513824463
1680657967.4232109 -4.197265625 11.938432693481445 -0.7549896240234375 0.6929470300674438 -0.13729338347911835 0.18857242166996002 0.6822136640548706
1680657967.4232178 -4.198972225189209 11.974157333374023 -0.7487033009529114 0.701982855796814 -0.14996173977851868 0.18241743743419647 0.6719042658805847
1680657967.4232242 -4.200920104980469 12.010534286499023 -0.7423739433288574 0.7113733887672424 -0.16244739294052124 0.17662614583969116 0.6605769991874695
1680657967.4232311 -4.203125 12.047563552856445 -0.7360363602638245 0.7211028933525085 -0.17462466657161713 0.17127680778503418 0.648213803768158
1680657967.423238 -4.205596923828125 12.08523941040039 -0.7297244071960449 0.731157124042511 -0.18636925518512726 0.16644714772701263 0.6348000764846802
1680657967.4232447 -4.208348274230957 12.12355899810791 -0.7234728932380676 0.7415231466293335 -0.1975569725036621 0.1622152477502823 0.6203233003616333
1680657967.4232512 -4.211357116699219 12.16251277923584 -0.7171258330345154 0.7521873116493225 -0.20806598663330078 0.15865737199783325 0.6047732830047607
1680657967.423258 -4.214638710021973 12.202099800109863 -0.7107397317886353 0.7631358504295349 -0.21777503192424774 0.1558493673801422 0.5881399512290955
1680657967.4232645 -4.217957496643066 12.236515998840332 -0.7048904299736023 0.7743531465530396 -0.22656425833702087 0.1538647711277008 0.5704135298728943
1680657967.4232714 -4.221329212188721 12.265762329101562 -0.6996084451675415 0.785819947719574 -0.23431530594825745 0.15277521312236786 0.5515823364257812
1680657967.423278 -4.224766731262207 12.28984260559082 -0.6949231028556824 0.7975131273269653 -0.24091103672981262 0.15264931321144104 0.5316323637962341
1680657967.4232845 -4.228283405303955 12.308755874633789 -0.690861165523529 0.8094027638435364 -0.24623540043830872 0.15355214476585388 0.5105457305908203
1680657967.4232917 -4.231896877288818 12.322519302368164 -0.6874420046806335 0.8214330077171326 -0.250202476978302 0.15551549196243286 0.4883251190185547
1680657967.4233017 -4.235622406005859 12.33119010925293 -0.6846532821655273 0.833469808101654 -0.25284454226493835 0.1584501564502716 0.4650711417198181
1680657967.4233122 -4.239459037780762 12.334836959838867 -0.6824758648872375 0.8453656435012817 -0.25422507524490356 0.16223761439323425 0.44091442227363586
1680657967.4233222 -4.243412971496582 12.33347225189209 -0.6809682846069336 0.8570765256881714 -0.2540871798992157 0.16691666841506958 0.41593050956726074
1680657967.423329 -4.248249530792236 12.34074878692627 -0.6800597906112671 0.8695710897445679 -0.24867874383926392 0.17405104637145996 0.3895012438297272
1680657967.423367 -4.253863334655762 12.357580184936523 -0.6785357594490051 0.8812267184257507 -0.24308550357818604 0.18101252615451813 0.36274412274360657
1680657967.423374 -4.260193824768066 12.384011268615723 -0.6763311624526978 0.8919717073440552 -0.23735328018665314 0.18780407309532166 0.3358263075351715
1680657967.423381 -4.267166614532471 12.420072555541992 -0.673352062702179 0.9017554521560669 -0.23152458667755127 0.1944262683391571 0.30892032384872437
1680657967.4233878 -4.274743556976318 12.46580696105957 -0.6697100400924683 0.9105472564697266 -0.22563967108726501 0.2008752077817917 0.28220462799072266
1680657967.4233944 -4.282862663269043 12.521228790283203 -0.6654058694839478 0.9183365106582642 -0.21973808109760284 0.20714153349399567 0.25586241483688354
1680657967.423401 -4.291452407836914 12.586352348327637 -0.660440981388092 0.9251318573951721 -0.21385961771011353 0.21320980787277222 0.2300797998905182
1680657967.4234078 -4.300430774688721 12.661175727844238 -0.6547555327415466 0.930960476398468 -0.20804573595523834 0.21905788779258728 0.20504440367221832
1680657967.4234145 -4.309528827667236 12.742365837097168 -0.6484323143959045 0.93586665391922 -0.20234084129333496 0.22465728223323822 0.18094438314437866
1680657967.4234447 -4.318737506866455 12.82991886138916 -0.6416656374931335 0.9399101138114929 -0.19679346680641174 0.22997310757637024 0.15796750783920288
1680657967.4234524 -4.327988147735596 12.92381477355957 -0.6344549655914307 0.9431639313697815 -0.19145667552947998 0.2349647879600525 0.13630011677742004
1680657967.4234593 -4.337132453918457 13.02402114868164 -0.626703143119812 0.9457125067710876 -0.18638888001441956 0.23958630859851837 0.11612643301486969
1680657967.423466 -4.346183776855469 13.13050651550293 -0.6184985041618347 0.9476490616798401 -0.1816534399986267 0.24378682672977448 0.09762783348560333
1680657967.4234726 -4.35505485534668 13.243243217468262 -0.6099050641059875 0.9490723609924316 -0.1773182600736618 0.2475111484527588 0.0809825211763382
1680657967.4234793 -4.363662242889404 13.362199783325195 -0.6009716391563416 0.9500836133956909 -0.17345480620861053 0.2506994605064392 0.06636509299278259
1680657967.4234862 -4.371994495391846 13.487335205078125 -0.5916699171066284 0.9507831335067749 -0.17013666033744812 0.25328773260116577 0.0539465956389904
1680657967.423493 -4.380266189575195 13.618427276611328 -0.5829318165779114 0.9517340660095215 -0.16496597230434418 0.25519758462905884 0.043159160763025284
1680657967.4234996 -4.388222694396973 13.755646705627441 -0.5740402340888977 0.9524824619293213 -0.16035185754299164 0.25664299726486206 0.034624241292476654
1680657967.4235063 -4.395849704742432 13.899001121520996 -0.5656204223632812 0.9531146883964539 -0.15627042949199677 0.2575984597206116 0.028195831924676895
1680657967.4235132 -4.403048992156982 14.048462867736816 -0.5576943755149841 0.953719973564148 -0.1527019739151001 0.25794973969459534 0.02371160127222538
1680657967.4235198 -4.409809589385986 14.204011917114258 -0.5502908229827881 0.9542924165725708 -0.14960700273513794 0.25787633657455444 0.02106003649532795
1680657967.4235263 -4.415778636932373 14.365679740905762 -0.544262707233429 0.9548426866531372 -0.14694921672344208 0.25744304060935974 0.020110033452510834
1680657967.423533 -4.42076301574707 14.533448219299316 -0.539709746837616 0.9553707838058472 -0.14469146728515625 0.2567123770713806 0.020730063319206238
1680657967.4235394 -4.424610614776611 14.70729923248291 -0.5367568731307983 0.9558688998222351 -0.1427944004535675 0.2557441294193268 0.02278846874833107
1680657967.423546 -4.427070140838623 14.887218475341797 -0.5356720089912415 0.9563230276107788 -0.14121828973293304 0.254597008228302 0.026153262704610825
1680657967.4235525 -4.427923679351807 15.073187828063965 -0.5366048812866211 0.95671546459198 -0.13992251455783844 0.2533280849456787 0.030692437663674355
1680657967.4235592 -4.427032470703125 15.26517391204834 -0.5395675301551819 0.9570261836051941 -0.13886605203151703 0.2519944906234741 0.03627416864037514
1680657967.4235659 -4.424077033996582 15.463144302368164 -0.5447235107421875 0.9572346210479736 -0.1380079835653305 0.2506527900695801 0.0427657850086689
1680657967.4235728 -4.419274806976318 15.667076110839844 -0.5516247153282166 0.9573205709457397 -0.13730773329734802 0.24935996532440186 0.050035059452056885
1680657967.4235795 -4.413111686706543 15.876972198486328 -0.559910237789154 0.9572660326957703 -0.13672471046447754 0.2481732815504074 0.05794932693243027
1680657967.4235861 -4.405872821807861 16.092838287353516 -0.5694131255149841 0.9570553302764893 -0.13621865212917328 0.24715115129947662 0.06637590378522873
1680657967.4235928 -4.397803783416748 16.314674377441406 -0.5800195336341858 0.9566765427589417 -0.13575011491775513 0.24635246396064758 0.07518215477466583
1680657967.4235992 -4.389166355133057 16.542484283447266 -0.591638445854187 0.9561212062835693 -0.1352803111076355 0.2458372414112091 0.08423549681901932
1680657967.423606 -4.380300045013428 16.776273727416992 -0.6041988730430603 0.9553850293159485 -0.13477087020874023 0.24566645920276642 0.09340356290340424
1680657967.4236128 -4.371699333190918 17.01605224609375 -0.6175457835197449 0.9544680118560791 -0.13418442010879517 0.24590222537517548 0.1025543361902237
1680657967.4236195 -4.364078044891357 17.2618350982666 -0.6315121054649353 0.9533739686012268 -0.133484348654747 0.24660731852054596 0.11155617237091064
1680657967.423626 -4.359321117401123 17.51362419128418 -0.6457024812698364 0.9527042508125305 -0.1325080543756485 0.24570630490779877 0.12010259181261063
1680657967.4236326 -4.360022068023682 17.771442413330078 -0.6590374708175659 0.9520045518875122 -0.13134030997753143 0.24490436911582947 0.128292053937912
1680657967.4236395 -4.371281623840332 18.03512191772461 -0.6660006642341614 0.9512872099876404 -0.13001109659671783 0.24420636892318726 0.13606208562850952
1680657967.4236462 -4.392194747924805 18.304725646972656 -0.6580227613449097 0.950566828250885 -0.1285552829504013 0.24361468851566315 0.14334680140018463
1680657967.423653 -4.412724494934082 18.580244064331055 -0.6359631419181824 0.9498593211174011 -0.12701353430747986 0.24312880635261536 0.15007708966732025
1680657967.4236593 -4.427277565002441 18.86199951171875 -0.605310320854187 0.9491834044456482 -0.12543150782585144 0.2427455186843872 0.15618039667606354
1680657967.423666 -4.426956653594971 19.14873504638672 -0.5604034066200256 0.9485589265823364 -0.12385886162519455 0.2424589991569519 0.1615811437368393
1680657967.4236727 -4.318511962890625 19.18631362915039 -0.4687210023403168 0.9480071067810059 -0.12234856188297272 0.24226143956184387 0.166200652718544
1680657967.423679 -4.21099853515625 18.910917282104492 -0.4304601848125458 0.9475497603416443 -0.12095637619495392 0.24214290082454681 0.16995824873447418
1680657967.4236858 -4.112932205200195 18.62925910949707 -0.40195250511169434 0.9472084045410156 -0.11973826587200165 0.2420930564403534 0.17277146875858307
1680657967.4236925 -4.016358375549316 18.35004234313965 -0.3759356737136841 0.9470028877258301 -0.118751160800457 0.2421017587184906 0.17455774545669556
1680657967.4236991 -3.916046142578125 18.07548713684082 -0.34872710704803467 0.9469507932662964 -0.11804860830307007 0.24216018617153168 0.17523476481437683
1680657967.4237058 -3.816359758377075 17.803861618041992 -0.3222103714942932 0.9470648765563965 -0.11768123507499695 0.242262601852417 0.17472271621227264
1680657967.4237127 -3.726083993911743 17.531782150268555 -0.3003073036670685 0.9473524689674377 -0.11769261211156845 0.24240773916244507 0.17294549942016602
1680657967.4237194 -3.6514365673065186 17.257665634155273 -0.28550994396209717 0.9478134512901306 -0.118117555975914 0.24260017275810242 0.16983263194561005
1680657967.423726 -3.593886613845825 16.982160568237305 -0.2781051695346832 0.9484384655952454 -0.11897967755794525 0.24285191297531128 0.16532164812088013
1680657967.4237328 -3.5490198135375977 16.707191467285156 -0.2755865454673767 0.9492089152336121 -0.12028771638870239 0.2431824505329132 0.15935981273651123
1680657967.423765 -3.512779474258423 16.43391990661621 -0.2756332457065582 0.9500957131385803 -0.12203241139650345 0.24362020194530487 0.1519063115119934
1680657967.423772 -3.4821934700012207 16.16295623779297 -0.27666839957237244 0.9510594010353088 -0.12418380379676819 0.24420128762722015 0.1429338902235031
1680657967.423779 -3.4559385776519775 15.894545555114746 -0.27783873677253723 0.9520519971847534 -0.12668785452842712 0.2449685037136078 0.1324300318956375
1680657967.4237857 -3.4335131645202637 15.628758430480957 -0.27814728021621704 0.9555603265762329 -0.12881916761398315 0.2366289645433426 0.11965315788984299
1680657967.4237924 -3.413820743560791 15.365809440612793 -0.2769720256328583 0.95926433801651 -0.1312810629606247 0.2269498109817505 0.10521964728832245
1680657967.4237995 -3.396707773208618 15.105775833129883 -0.2740655541419983 0.9630069732666016 -0.1340188980102539 0.21605683863162994 0.08930790424346924
1680657967.42381 -3.384620189666748 14.84854793548584 -0.2703152298927307 0.9666383266448975 -0.13697902858257294 0.20407994091510773 0.07210038602352142
1680657967.423819 -3.379953622817993 14.594138145446777 -0.2666378617286682 0.9700191020965576 -0.1401081383228302 0.19115401804447174 0.053783804178237915
1680657967.423826 -3.384913206100464 14.342742919921875 -0.26393646001815796 0.9730251431465149 -0.1433553546667099 0.17741936445236206 0.03454945236444473
1680657967.4238327 -3.402048349380493 14.094857215881348 -0.26318359375 0.9755502939224243 -0.14667125046253204 0.1630224883556366 0.014592570252716541
1680657967.4238398 -3.4327001571655273 13.851259231567383 -0.26515012979507446 0.9775093197822571 -0.15000957250595093 0.148115336894989 -0.005888313055038452
1680657967.4238465 -3.4765660762786865 13.612738609313965 -0.2701800465583801 0.9788399934768677 -0.15332645177841187 0.1328553557395935 -0.026692356914281845
1680657967.4238532 -3.5326292514801025 13.379876136779785 -0.27828216552734375 0.9795053601264954 -0.15658248960971832 0.11740444600582123 -0.0476171113550663
1680657967.4238608 -3.5977892875671387 13.15258502960205 -0.2887667715549469 0.9794927835464478 -0.15974204242229462 0.10192859172821045 -0.0684606060385704
