6.774543285369873047e+00 -3.022140121459960938e+01 -3.003315448760986328e+00 -1.910096853971481323e-01 1.507585942745208740e-01 8.008892536163330078e-01 5.471411943435668945e-01
6.535192489624023438e+00 -3.018467521667480469e+01 -3.030864238739013672e+00 -1.968114227056503296e-01 1.571344286203384399e-01 7.921748757362365723e-01 5.559074878692626953e-01
6.300415039062500000e+00 -3.014056396484375000e+01 -3.057622671127319336e+00 -2.018591016530990601e-01 1.626422107219696045e-01 7.837813496589660645e-01 5.643467903137207031e-01
6.070085525512695312e+00 -3.009123802185058594e+01 -3.083570480346679688e+00 -2.010223865509033203e-01 1.635196954011917114e-01 7.772097587585449219e-01 5.734075903892517090e-01
5.844073295593261719e+00 -3.003795814514160156e+01 -3.108567953109741211e+00 -2.004485428333282471e-01 1.640676707029342651e-01 7.707736492156982422e-01 5.820739865303039551e-01
5.621704101562500000e+00 -2.998407173156738281e+01 -3.132972955703735352e+00 -2.001091837882995605e-01 1.643428653478622437e-01 7.644770145416259766e-01 5.903580784797668457e-01
5.403113365173339844e+00 -2.992889976501464844e+01 -3.156491041183471680e+00 -1.999759376049041748e-01 1.643961220979690552e-01 7.583242058753967285e-01 5.982706546783447266e-01
5.187909603118896484e+00 -2.987417411804199219e+01 -3.179281473159790039e+00 -2.000209689140319824e-01 1.642728298902511597e-01 7.523192763328552246e-01 6.058232188224792480e-01
4.976082801818847656e+00 -2.981992340087890625e+01 -3.201365947723388672e+00 -2.002177238464355469e-01 1.640130281448364258e-01 7.464653253555297852e-01 6.130269169807434082e-01
4.767367362976074219e+00 -2.976714324951171875e+01 -3.222541332244873047e+00 -2.005406171083450317e-01 1.636513173580169678e-01 7.407644391059875488e-01 6.198949217796325684e-01
4.561866283416748047e+00 -2.971551513671875000e+01 -3.243120670318603516e+00 -2.009662836790084839e-01 1.632175296545028687e-01 7.352169156074523926e-01 6.264412403106689453e-01
4.359167575836181641e+00 -2.966659164428710938e+01 -3.262650728225708008e+00 -2.014731615781784058e-01 1.627367883920669556e-01 7.298210263252258301e-01 6.326819658279418945e-01
4.159617900848388672e+00 -2.961908912658691406e+01 -3.281636953353881836e+00 -2.020420879125595093e-01 1.622300446033477783e-01 7.245734333992004395e-01 6.386343240737915039e-01
3.962619543075561523e+00 -2.957552146911621094e+01 -3.299457311630249023e+00 -2.026561647653579712e-01 1.617143750190734863e-01 7.194679975509643555e-01 6.443172693252563477e-01
3.768718242645263672e+00 -2.953361511230468750e+01 -3.316732168197631836e+00 -2.033005803823471069e-01 1.612038761377334595e-01 7.144966125488281250e-01 6.497512459754943848e-01
3.577211856842041016e+00 -2.949683570861816406e+01 -3.332733154296875000e+00 -2.039628922939300537e-01 1.607094705104827881e-01 7.096489667892456055e-01 6.549579501152038574e-01
3.388745069503784180e+00 -2.946209335327148438e+01 -3.348141908645629883e+00 -2.046328186988830566e-01 1.602396965026855469e-01 7.049128413200378418e-01 6.599595546722412109e-01
3.202902793884277344e+00 -2.943195152282714844e+01 -3.362395048141479492e+00 -2.053021639585494995e-01 1.598008871078491211e-01 7.002735137939453125e-01 6.647794246673583984e-01
3.020148754119873047e+00 -2.940379142761230469e+01 -3.376071691513061523e+00 -2.059647142887115479e-01 1.593974977731704712e-01 6.957148909568786621e-01 6.694414615631103516e-01
2.840214729309082031e+00 -2.937971305847167969e+01 -3.388710260391235352e+00 -2.066159248352050781e-01 1.590326726436614990e-01 6.912187933921813965e-01 6.739696264266967773e-01
2.663415431976318359e+00 -2.935757446289062500e+01 -3.400783061981201172e+00 -2.072530388832092285e-01 1.587080806493759155e-01 6.867657899856567383e-01 6.783882975578308105e-01
2.483776807785034180e+00 -2.933854103088378906e+01 -3.412273406982421875e+00 -2.078749686479568481e-01 1.584242582321166992e-01 6.823344826698303223e-01 6.827220916748046875e-01
2.301503896713256836e+00 -2.932087135314941406e+01 -3.423558235168457031e+00 -2.084819525480270386e-01 1.581810265779495239e-01 6.779021024703979492e-01 6.869954466819763184e-01
2.116436719894409180e+00 -2.930683326721191406e+01 -3.434172868728637695e+00 -2.079908251762390137e-01 1.568062603473663330e-01 6.736998558044433594e-01 6.915780305862426758e-01
1.928813457489013672e+00 -2.929379653930664062e+01 -3.444668531417846680e+00 -2.077183127403259277e-01 1.556721180677413940e-01 6.694626808166503906e-01 6.960165500640869141e-01
1.738428950309753418e+00 -2.928570747375488281e+01 -3.454230785369873047e+00 -2.076465338468551636e-01 1.547546088695526123e-01 6.652484536170959473e-01 7.002702951431274414e-01
1.545521259307861328e+00 -2.927944755554199219e+01 -3.463519811630249023e+00 -2.077572792768478394e-01 1.540299504995346069e-01 6.611151099205017090e-01 7.043000459671020508e-01
1.350040197372436523e+00 -2.927652549743652344e+01 -3.472232580184936523e+00 -2.080331742763519287e-01 1.534745991230010986e-01 6.571218967437744141e-01 7.080667018890380859e-01
1.152070283889770508e+00 -2.927819252014160156e+01 -3.480149984359741211e+00 -2.084564417600631714e-01 1.530654430389404297e-01 6.533284187316894531e-01 7.115327715873718262e-01
9.516857862472534180e-01 -2.928339767456054688e+01 -3.487499237060546875e+00 -2.090098559856414795e-01 1.527791768312454224e-01 6.497946977615356445e-01 7.146608829498291016e-01
7.489526271820068359e-01 -2.929291343688964844e+01 -3.494129657745361328e+00 -2.096762806177139282e-01 1.525927633047103882e-01 6.465815901756286621e-01 7.174143791198730469e-01
5.439856052398681641e-01 -2.930727005004882812e+01 -3.499890565872192383e+00 -2.104389071464538574e-01 1.524831354618072510e-01 6.437501311302185059e-01 7.197570204734802246e-01
3.369042873382568359e-01 -2.932667160034179688e+01 -3.504650115966796875e+00 -2.112804502248764038e-01 1.524274796247482300e-01 6.413609385490417480e-01 7.216527462005615234e-01
1.321972608566284180e-01 -2.935014915466308594e+01 -3.508300065994262695e+00 -2.121842503547668457e-01 1.524024158716201782e-01 6.394750475883483887e-01 7.230650186538696289e-01
-7.018676400184631348e-02 -2.937668228149414062e+01 -3.510876893997192383e+00 -2.131327986717224121e-01 1.523852497339248657e-01 6.381525993347167969e-01 7.239574193954467773e-01
-2.704504430294036865e-01 -2.940454101562500000e+01 -3.512521982192993164e+00 -2.141092717647552490e-01 1.523523479700088501e-01 6.374535560607910156e-01 7.242920994758605957e-01
-4.689159989356994629e-01 -2.943133926391601562e+01 -3.513470888137817383e+00 -2.150952816009521484e-01 1.522805094718933105e-01 6.374357938766479492e-01 7.240305542945861816e-01
-6.659435629844665527e-01 -2.945402336120605469e+01 -3.514064311981201172e+00 -2.160732746124267578e-01 1.521454155445098877e-01 6.381569504737854004e-01 7.231319546699523926e-01
-8.616101145744323730e-01 -2.947083663940429688e+01 -3.514469623565673828e+00 -2.170240581035614014e-01 1.519229859113693237e-01 6.396716833114624023e-01 7.215540409088134766e-01
-1.055728793144226074e+00 -2.948195075988769531e+01 -3.514687538146972656e+00 -2.179282009601593018e-01 1.515881419181823730e-01 6.420328617095947266e-01 7.192510962486267090e-01
-1.248073697090148926e+00 -2.948889160156250000e+01 -3.514744281768798828e+00 -2.187648862600326538e-01 1.511152833700180054e-01 6.452902555465698242e-01 7.161750197410583496e-01
-1.438535094261169434e+00 -2.949223899841308594e+01 -3.514648914337158203e+00 -2.195128500461578369e-01 1.504775732755661011e-01 6.494901180267333984e-01 7.122732400894165039e-01
-1.627032399177551270e+00 -2.949426460266113281e+01 -3.514445781707763672e+00 -2.201486378908157349e-01 1.496478468179702759e-01 6.546746492385864258e-01 7.074893712997436523e-01
-1.813542485237121582e+00 -2.949634742736816406e+01 -3.514163732528686523e+00 -2.205747216939926147e-01 1.485145390033721924e-01 6.608625054359436035e-01 7.018197774887084961e-01
-1.998043179512023926e+00 -2.949872207641601562e+01 -3.513816356658935547e+00 -2.209797501564025879e-01 1.472971290349960327e-01 6.678798198699951172e-01 6.952756047248840332e-01
-2.180521249771118164e+00 -2.950134277343750000e+01 -3.513417959213256836e+00 -2.213102877140045166e-01 1.459333598613739014e-01 6.755679845809936523e-01 6.879920363426208496e-01
-2.360958099365234375e+00 -2.950415229797363281e+01 -3.512985229492187500e+00 -2.214900553226470947e-01 1.443428397178649902e-01 6.837777495384216309e-01 6.801142096519470215e-01
-2.539341926574707031e+00 -2.950710678100585938e+01 -3.512529134750366211e+00 -2.215922921895980835e-01 1.426106393337249756e-01 6.923332214355468750e-01 6.717392802238464355e-01
-2.715665340423583984e+00 -2.951015472412109375e+01 -3.512064695358276367e+00 -2.216356396675109863e-01 1.407588422298431396e-01 7.010754942893981934e-01 6.629915833473205566e-01
-2.889924287796020508e+00 -2.951325416564941406e+01 -3.511604547500610352e+00 -2.216406017541885376e-01 1.388112008571624756e-01 7.098517417907714844e-01 6.540009975433349609e-01
-3.062120199203491211e+00 -2.951634407043457031e+01 -3.511160135269165039e+00 -2.216298729181289673e-01 1.367929130792617798e-01 7.185163497924804688e-01 6.449048519134521484e-01
-3.232260704040527344e+00 -2.951938629150390625e+01 -3.510745048522949219e+00 -2.216281592845916748e-01 1.347306221723556519e-01 7.269303202629089355e-01 6.358465552330017090e-01
-3.400357484817504883e+00 -2.952232551574707031e+01 -3.510370492935180664e+00 -2.216628938913345337e-01 1.326520144939422607e-01 7.349624037742614746e-01 6.269762516021728516e-01
-3.566397666931152344e+00 -2.952393531799316406e+01 -3.509308338165283203e+00 -2.217624932527542114e-01 1.305865645408630371e-01 7.424879670143127441e-01 6.184497475624084473e-01
-3.727149486541748047e+00 -2.950068473815917969e+01 -3.492883920669555664e+00 -2.219582200050354004e-01 1.285641938447952271e-01 7.493893504142761230e-01 6.104272603988647461e-01
-3.882557392120361328e+00 -2.946398162841796875e+01 -3.468265295028686523e+00 -2.222823947668075562e-01 1.266157925128936768e-01 7.555538415908813477e-01 6.030731797218322754e-01
-4.035792350769042969e+00 -2.942654800415039062e+01 -3.443640708923339844e+00 -2.227681130170822144e-01 1.247731670737266541e-01 7.608733773231506348e-01 5.965548157691955566e-01
-4.186490535736083984e+00 -2.938710594177246094e+01 -3.418724298477172852e+00 -2.234496176242828369e-01 1.230680942535400391e-01 7.652422785758972168e-01 5.910403728485107422e-01
-4.334489822387695312e+00 -2.934517669677734375e+01 -3.393391132354736328e+00 -2.243610322475433350e-01 1.215319857001304626e-01 7.685554027557373047e-01 5.866979956626892090e-01
-4.479437351226806641e+00 -2.929986190795898438e+01 -3.367388725280761719e+00 -2.255363911390304565e-01 1.201961636543273926e-01 7.707059383392333984e-01 5.836938023567199707e-01
-4.620714187622070312e+00 -2.924983406066894531e+01 -3.340337514877319336e+00 -2.270081937313079834e-01 1.190905794501304626e-01 7.715823650360107422e-01 5.821902155876159668e-01
-4.756979942321777344e+00 -2.919264602661132812e+01 -3.311534404754638672e+00 -2.288065701723098755e-01 1.182446405291557312e-01 7.710653543472290039e-01 5.823433995246887207e-01
-4.881825923919677734e+00 -2.911934280395507812e+01 -3.277798891067504883e+00 -2.309598773717880249e-01 1.176849007606506348e-01 7.690248489379882812e-01 5.843018293380737305e-01
-4.981794357299804688e+00 -2.902182388305664062e+01 -3.233554601669311523e+00 -2.334731370210647583e-01 1.174288243055343628e-01 7.653666138648986816e-01 5.881450176239013672e-01
-5.043464183807373047e+00 -2.890262603759765625e+01 -3.177570104598999023e+00 -2.362744659185409546e-01 1.174608767032623291e-01 7.601840496063232422e-01 5.937149524688720703e-01
-5.080460071563720703e+00 -2.877729988098144531e+01 -3.116822481155395508e+00 -2.383694499731063843e-01 1.169856786727905273e-01 7.538108825683593750e-01 6.010517477989196777e-01
-5.103331089019775391e+00 -2.865120506286621094e+01 -3.054262638092041016e+00 -2.400162816047668457e-01 1.162186563014984131e-01 7.462944984436035156e-01 6.098605990409851074e-01
-5.119266033172607422e+00 -2.852419853210449219e+01 -2.990256786346435547e+00 -2.417555153369903564e-01 1.156513020396232605e-01 7.376282215118408203e-01 6.197447180747985840e-01
-5.131529331207275391e+00 -2.839669418334960938e+01 -2.925412416458129883e+00 -2.435610741376876831e-01 1.153155416250228882e-01 7.279396653175354004e-01 6.304634809494018555e-01
-5.140070915222167969e+00 -2.826901054382324219e+01 -2.859493255615234375e+00 -2.453957796096801758e-01 1.152429133653640747e-01 7.173696756362915039e-01 6.417793631553649902e-01
-5.147650241851806641e+00 -2.814100265502929688e+01 -2.793345928192138672e+00 -2.472095489501953125e-01 1.154640838503837585e-01 7.060753703117370605e-01 6.534623503684997559e-01
-5.153437614440917969e+00 -2.801275253295898438e+01 -2.726810216903686523e+00 -2.489395737648010254e-01 1.160066276788711548e-01 6.942312121391296387e-01 6.652928590774536133e-01
-5.158395767211914062e+00 -2.788425064086914062e+01 -2.660121917724609375e+00 -2.505124211311340332e-01 1.168916746973991394e-01 6.820292472839355469e-01 6.770641803741455078e-01
-5.162088394165039062e+00 -2.775554466247558594e+01 -2.593248128890991211e+00 -2.518453598022460938e-01 1.181331276893615723e-01 6.696776747703552246e-01 6.885857582092285156e-01
-5.165285587310791016e+00 -2.762668609619140625e+01 -2.526238918304443359e+00 -2.528498172760009766e-01 1.197353228926658630e-01 6.573985815048217773e-01 6.996838450431823730e-01
-5.167297363281250000e+00 -2.749764060974121094e+01 -2.459210157394409180e+00 -2.534340322017669678e-01 1.216936931014060974e-01 6.454258561134338379e-01 7.102023363113403320e-01
-5.169183254241943359e+00 -2.736860466003417969e+01 -2.391927957534790039e+00 -2.535064518451690674e-01 1.239948421716690063e-01 6.340014934539794922e-01 7.200012803077697754e-01
-5.169810771942138672e+00 -2.723932075500488281e+01 -2.324915170669555664e+00 -2.529801726341247559e-01 1.266184151172637939e-01 6.233722567558288574e-01 7.289551496505737305e-01
-5.170434474945068359e+00 -2.711017036437988281e+01 -2.257563352584838867e+00 -2.517738640308380127e-01 1.295401453971862793e-01 6.137863397598266602e-01 7.369502186775207520e-01
-5.170135498046875000e+00 -2.698080062866210938e+01 -2.190598726272583008e+00 -2.498155534267425537e-01 1.327355504035949707e-01 6.054903268814086914e-01 7.438783049583435059e-01
-5.169662952423095703e+00 -2.685156440734863281e+01 -2.123433113098144531e+00 -2.470439374446868896e-01 1.361845135688781738e-01 5.987253189086914062e-01 7.496339082717895508e-01
-5.168572902679443359e+00 -2.672219085693359375e+01 -2.056669950485229492e+00 -2.434106171131134033e-01 1.398756504058837891e-01 5.937242507934570312e-01 7.541071772575378418e-01
-5.167115211486816406e+00 -2.659286308288574219e+01 -1.990036010742187500e+00 -2.388822287321090698e-01 1.438108682632446289e-01 5.907079577445983887e-01 7.571775317192077637e-01
-5.165108680725097656e+00 -2.646331405639648438e+01 -1.924005389213562012e+00 -2.319971621036529541e-01 1.458843946456909180e-01 5.900065898895263672e-01 7.594650387763977051e-01
-5.162512302398681641e+00 -2.633261489868164062e+01 -1.858118534088134766e+00 -2.241115272045135498e-01 1.479736268520355225e-01 5.913715958595275879e-01 7.603665590286254883e-01
-5.159046649932861328e+00 -2.620043563842773438e+01 -1.793119430541992188e+00 -2.153023779392242432e-01 1.500687003135681152e-01 5.946298241615295410e-01 7.599603533744812012e-01
-5.154860496520996094e+00 -2.606690597534179688e+01 -1.728719711303710938e+00 -2.056437134742736816e-01 1.521580219268798828e-01 5.995984077453613281e-01 7.583140730857849121e-01
-5.149199008941650391e+00 -2.593092155456542969e+01 -1.667590856552124023e+00 -1.952083706855773926e-01 1.542280018329620361e-01 6.060894131660461426e-01 7.554885745048522949e-01
-5.142750263214111328e+00 -2.579303169250488281e+01 -1.608658671379089355e+00 -1.840686202049255371e-01 1.562645137310028076e-01 6.139099001884460449e-01 7.515416741371154785e-01
-5.135321140289306641e+00 -2.565284347534179688e+01 -1.552986145019531250e+00 -1.722977161407470703e-01 1.582529544830322266e-01 6.228656768798828125e-01 7.465305328369140625e-01
-5.126877307891845703e+00 -2.550940895080566406e+01 -1.503891229629516602e+00 -1.599708795547485352e-01 1.601787805557250977e-01 6.327633261680603027e-01 7.405151724815368652e-01
-5.118144512176513672e+00 -2.536349105834960938e+01 -1.459900498390197754e+00 -1.471649706363677979e-01 1.620289534330368042e-01 6.434107422828674316e-01 7.335609197616577148e-01
-5.109436988830566406e+00 -2.521524810791015625e+01 -1.420901179313659668e+00 -1.339597105979919434e-01 1.637908518314361572e-01 6.546208262443542480e-01 7.257403135299682617e-01
-5.101497650146484375e+00 -2.507469940185546875e+01 -1.388078570365905762e+00 -1.204382777214050293e-01 1.654537022113800049e-01 6.662119626998901367e-01 7.171341180801391602e-01
-5.094861984252929688e+00 -2.494189643859863281e+01 -1.361805677413940430e+00 -1.066862717270851135e-01 1.670086681842803955e-01 6.780103445053100586e-01 7.078334093093872070e-01
-5.089106559753417969e+00 -2.481766510009765625e+01 -1.338697433471679688e+00 -9.279239177703857422e-02 1.684491932392120361e-01 6.898508071899414062e-01 6.979400515556335449e-01
-5.084212303161621094e+00 -2.470196914672851562e+01 -1.318761825561523438e+00 -7.884790748357772827e-02 1.697711944580078125e-01 7.015782594680786133e-01 6.875672936439514160e-01
-5.080047607421875000e+00 -2.459494400024414062e+01 -1.301012516021728516e+00 -6.494629383087158203e-02 1.709729433059692383e-01 7.130488157272338867e-01 6.768394708633422852e-01
-5.076632976531982422e+00 -2.449653244018554688e+01 -1.285502552986145020e+00 -5.118291825056076050e-02 1.720556020736694336e-01 7.241303920745849609e-01 6.658920645713806152e-01
-5.073297023773193359e+00 -2.440685272216796875e+01 -1.271203875541687012e+00 -3.765422850847244263e-02 1.730228066444396973e-01 7.347032427787780762e-01 6.548712253570556641e-01
-5.070513725280761719e+00 -2.432573699951171875e+01 -1.258944034576416016e+00 -2.445781975984573364e-02 1.738810539245605469e-01 7.446597814559936523e-01 6.439324617385864258e-01
-5.067975997924804688e+00 -2.425321769714355469e+01 -1.248147606849670410e+00 -1.169104129076004028e-02 1.746389269828796387e-01 7.539042830467224121e-01 6.332401037216186523e-01
-5.065532207489013672e+00 -2.418928718566894531e+01 -1.238493323326110840e+00 5.486384034156799316e-04 1.753075420856475830e-01 7.623521685600280762e-01 6.229656338691711426e-01
-5.063215255737304688e+00 -2.413389778137207031e+01 -1.229988098144531250e+00 1.217147707939147949e-02 1.758969575166702271e-01 7.699490785598754883e-01 6.132621765136718750e-01
-5.061125278472900391e+00 -2.408703041076660156e+01 -1.222784996032714844e+00 2.311647683382034302e-02 1.764066070318222046e-01 7.767261862754821777e-01 6.041877269744873047e-01
-5.059350490570068359e+00 -2.404866600036621094e+01 -1.217022418975830078e+00 3.333057463169097900e-02 1.768329739570617676e-01 7.827339768409729004e-01 5.957740545272827148e-01
-5.057739257812500000e+00 -2.401884651184082031e+01 -1.212304949760437012e+00 4.276186972856521606e-02 1.771721243858337402e-01 7.880218625068664551e-01 5.880501866340637207e-01
-5.056374549865722656e+00 -2.399762344360351562e+01 -1.208829045295715332e+00 5.086217448115348816e-02 1.767413914203643799e-01 7.927891612052917480e-01 5.810858011245727539e-01
-5.055521011352539062e+00 -2.398516464233398438e+01 -1.207353234291076660e+00 5.571752414107322693e-02 1.729186922311782837e-01 7.976492643356323242e-01 5.751088857650756836e-01
-5.054849624633789062e+00 -2.398120117187500000e+01 -1.206740379333496094e+00 6.011693552136421204e-02 1.695544719696044922e-01 8.017795681953430176e-01 5.699005722999572754e-01
-5.054202556610107422e+00 -2.397396278381347656e+01 -1.205852627754211426e+00 6.399160623550415039e-02 1.666619926691055298e-01 8.052251935005187988e-01 5.654566287994384766e-01
-5.053591251373291016e+00 -2.396345901489257812e+01 -1.204686522483825684e+00 6.727939844131469727e-02 1.642547249794006348e-01 8.080258965492248535e-01 5.617720484733581543e-01
-5.053020000457763672e+00 -2.394970130920410156e+01 -1.203240990638732910e+00 6.992411613464355469e-02 1.623467653989791870e-01 8.102166652679443359e-01 5.588408112525939941e-01
-5.052495002746582031e+00 -2.393268775939941406e+01 -1.201514005661010742e+00 7.187614589929580688e-02 1.609525978565216064e-01 8.118258118629455566e-01 5.566568970680236816e-01
-5.052019119262695312e+00 -2.391242599487304688e+01 -1.199504375457763672e+00 7.309161126613616943e-02 1.600875705480575562e-01 8.128753900527954102e-01 5.552144646644592285e-01
-5.051595211029052734e+00 -2.388891601562500000e+01 -1.197211265563964844e+00 7.353277504444122314e-02 1.597676724195480347e-01 8.133808970451354980e-01 5.545076727867126465e-01
-5.051226615905761719e+00 -2.386216163635253906e+01 -1.194634318351745605e+00 7.316792011260986328e-02 1.600096821784973145e-01 8.133499026298522949e-01 5.545316338539123535e-01
-5.050908088684082031e+00 -2.383216285705566406e+01 -1.191774606704711914e+00 7.197181880474090576e-02 1.608307659626007080e-01 8.127822279930114746e-01 5.552822947502136230e-01
-5.050645828247070312e+00 -2.379891586303710938e+01 -1.188632488250732422e+00 6.992591172456741333e-02 1.622486859560012817e-01 8.116690516471862793e-01 5.567574501037597656e-01
-5.050534725189208984e+00 -2.376238250732421875e+01 -1.185527563095092773e+00 6.701862066984176636e-02 1.642815768718719482e-01 8.099923729896545410e-01 5.589563846588134766e-01
-5.050487995147705078e+00 -2.372258758544921875e+01 -1.182192921638488770e+00 6.324669718742370605e-02 1.669476181268692017e-01 8.077241778373718262e-01 5.618807673454284668e-01
-5.050788402557373047e+00 -2.367973899841308594e+01 -1.179587721824645996e+00 5.625843256711959839e-02 1.669097244739532471e-01 8.055279850959777832e-01 5.657745003700256348e-01
-5.051362037658691406e+00 -2.363381958007812500e+01 -1.177591800689697266e+00 4.632369056344032288e-02 1.646598428487777710e-01 8.032723069190979004e-01 5.705214738845825195e-01
-5.052012920379638672e+00 -2.358472633361816406e+01 -1.175661921501159668e+00 3.476918861269950867e-02 1.621153950691223145e-01 8.005192875862121582e-01 5.759153962135314941e-01
-5.052702426910400391e+00 -2.353248023986816406e+01 -1.173793911933898926e+00 2.170888334512710571e-02 1.592792570590972900e-01 7.972488999366760254e-01 5.818530917167663574e-01
-5.053390979766845703e+00 -2.347710800170898438e+01 -1.171974778175354004e+00 7.291719317436218262e-03 1.561602056026458740e-01 7.934466004371643066e-01 5.882204771041870117e-01
-5.054085731506347656e+00 -2.341861534118652344e+01 -1.170445561408996582e+00 -8.331112563610076904e-03 1.527679860591888428e-01 7.891015410423278809e-01 5.949044823646545410e-01
-5.054744720458984375e+00 -2.335702514648437500e+01 -1.169178485870361328e+00 -2.500652521848678589e-02 1.491139382123947144e-01 7.842083573341369629e-01 6.017947793006896973e-01
-5.055296421051025391e+00 -2.329239654541015625e+01 -1.167930245399475098e+00 -4.257933422923088074e-02 1.452111005783081055e-01 7.787691950798034668e-01 6.087850332260131836e-01
-5.055705547332763672e+00 -2.322474861145019531e+01 -1.166675448417663574e+00 -6.089247018098831177e-02 1.410743892192840576e-01 7.727947235107421875e-01 6.157748699188232422e-01
-5.055942058563232422e+00 -2.315410614013671875e+01 -1.165384173393249512e+00 -7.978749275207519531e-02 1.367210596799850464e-01 7.663049101829528809e-01 6.226700544357299805e-01
-5.055989742279052734e+00 -2.308049583435058594e+01 -1.164084434509277344e+00 -9.910536557435989380e-02 1.321706771850585938e-01 7.593314647674560547e-01 6.293845176696777344e-01
-5.055840969085693359e+00 -2.300390243530273438e+01 -1.163203358650207520e+00 -1.186867728829383850e-01 1.274450123310089111e-01 7.519168257713317871e-01 6.358397006988525391e-01
-5.055469989776611328e+00 -2.292438888549804688e+01 -1.162201762199401855e+00 -1.383730024099349976e-01 1.225682049989700317e-01 7.441151738166809082e-01 6.419677138328552246e-01
-5.054868221282958984e+00 -2.284197235107421875e+01 -1.161037921905517578e+00 -1.580068469047546387e-01 1.175665706396102905e-01 7.359922528266906738e-01 6.477094292640686035e-01
-5.054039001464843750e+00 -2.275666999816894531e+01 -1.159668803215026855e+00 -1.774330735206604004e-01 1.124684140086174011e-01 7.276256084442138672e-01 6.530155539512634277e-01
-5.052939414978027344e+00 -2.266846847534179688e+01 -1.158428311347961426e+00 -1.964995414018630981e-01 1.073039323091506958e-01 7.191035151481628418e-01 6.578479409217834473e-01
-5.051591873168945312e+00 -2.257738685607910156e+01 -1.157194852828979492e+00 -2.150572836399078369e-01 1.021049171686172485e-01 7.105248570442199707e-01 6.621776819229125977e-01
-5.050049781799316406e+00 -2.248345375061035156e+01 -1.155649423599243164e+00 -2.329618483781814575e-01 9.690437465906143188e-02 7.019977569580078125e-01 6.659860014915466309e-01
-5.048332214355468750e+00 -2.238666915893554688e+01 -1.153750896453857422e+00 -2.500725984573364258e-01 9.173639863729476929e-02 6.936389803886413574e-01 6.692630648612976074e-01
-5.046346187591552734e+00 -2.228700828552246094e+01 -1.151906967163085938e+00 -2.662539780139923096e-01 8.663596212863922119e-02 6.855723857879638672e-01 6.720070838928222656e-01
-5.044161319732666016e+00 -2.218448448181152344e+01 -1.149948358535766602e+00 -2.813745141029357910e-01 8.163805305957794189e-02 6.779279112815856934e-01 6.742235422134399414e-01
-5.041885852813720703e+00 -2.207910537719726562e+01 -1.147547602653503418e+00 -2.953070104122161865e-01 7.677832990884780884e-02 6.708397865295410156e-01 6.759236454963684082e-01
-5.040719985961914062e+00 -2.196847152709960938e+01 -1.141583800315856934e+00 -2.944414615631103516e-01 8.003357797861099243e-02 6.633372902870178223e-01 6.832879781723022461e-01
-5.039103984832763672e+00 -2.185509300231933594e+01 -1.136269211769104004e+00 -2.936471104621887207e-01 8.290076255798339844e-02 6.566432714462280273e-01 6.897234320640563965e-01
-5.037392616271972656e+00 -2.173904228210449219e+01 -1.130810856819152832e+00 -2.929438948631286621e-01 8.535215258598327637e-02 6.508555412292480469e-01 6.951877474784851074e-01
-5.035596847534179688e+00 -2.162033081054687500e+01 -1.125208377838134766e+00 -2.923504114151000977e-01 8.736360818147659302e-02 6.460621356964111328e-01 6.996445655822753906e-01
-5.033434867858886719e+00 -2.149896430969238281e+01 -1.120152235031127930e+00 -2.918825745582580566e-01 8.891408890485763550e-02 6.423395276069641113e-01 7.030638456344604492e-01
-5.031145095825195312e+00 -2.137497329711914062e+01 -1.115116238594055176e+00 -2.915540337562561035e-01 8.998550474643707275e-02 6.397529244422912598e-01 7.054182887077331543e-01
-5.028800010681152344e+00 -2.124837875366210938e+01 -1.109957218170166016e+00 -2.913752794265747070e-01 9.056237339973449707e-02 6.383554339408874512e-01 7.066833376884460449e-01
-5.026356220245361328e+00 -2.113159179687500000e+01 -1.105785250663757324e+00 -2.913538515567779541e-01 9.063152968883514404e-02 6.381878256797790527e-01 7.068345546722412109e-01
-5.024068355560302734e+00 -2.102464866638183594e+01 -1.102051973342895508e+00 -2.914935350418090820e-01 9.018129855394363403e-02 6.392790675163269043e-01 7.058477997779846191e-01
-5.021986007690429688e+00 -2.092754745483398438e+01 -1.098646521568298340e+00 -2.917946577072143555e-01 8.920226246118545532e-02 6.416450142860412598e-01 7.036977410316467285e-01
-5.020031452178955078e+00 -2.084030151367187500e+01 -1.095698237419128418e+00 -2.922536134719848633e-01 8.768669515848159790e-02 6.452884078025817871e-01 7.003582715988159180e-01
-5.018119812011718750e+00 -2.076290512084960938e+01 -1.093360304832458496e+00 -2.928631007671356201e-01 8.562918007373809814e-02 6.501979231834411621e-01 6.958028078079223633e-01
-5.016397476196289062e+00 -2.069544792175292969e+01 -1.091302752494812012e+00 -2.936114668846130371e-01 8.302683383226394653e-02 6.563470959663391113e-01 6.900053024291992188e-01
-5.014841079711914062e+00 -2.063792991638183594e+01 -1.089526653289794922e+00 -2.944831252098083496e-01 7.988023757934570312e-02 6.636930108070373535e-01 6.829424500465393066e-01
-5.013397216796875000e+00 -2.059006881713867188e+01 -1.088187217712402344e+00 -2.932385802268981934e-01 7.350177317857742310e-02 6.723430156707763672e-01 6.756948232650756836e-01
-5.012066364288330078e+00 -2.055199623107910156e+01 -1.087190508842468262e+00 -2.910397648811340332e-01 6.553486734628677368e-02 6.821434497833251953e-01 6.675936579704284668e-01
-5.010834693908691406e+00 -2.052372932434082031e+01 -1.086513042449951172e+00 -2.881008982658386230e-01 5.640884488821029663e-02 6.929842233657836914e-01 6.584744453430175781e-01
-5.009656906127929688e+00 -2.050523185729980469e+01 -1.086201190948486328e+00 -2.842306196689605713e-01 4.608823359012603760e-02 7.047644853591918945e-01 6.483793854713439941e-01
-5.008531570434570312e+00 -2.049644470214843750e+01 -1.086225271224975586e+00 -2.792135477066040039e-01 3.455109894275665283e-02 7.173639535903930664e-01 6.373656392097473145e-01
-5.008436203002929688e+00 -2.049631118774414062e+01 -1.084265708923339844e+00 -2.661460340023040771e-01 2.956282347440719604e-02 7.303709387779235840e-01 6.283714175224304199e-01
-5.008711814880371094e+00 -2.048790550231933594e+01 -1.080174207687377930e+00 -2.462852895259857178e-01 3.020404279232025146e-02 7.438402771949768066e-01 6.205907464027404785e-01
-5.008627891540527344e+00 -2.047196197509765625e+01 -1.075563669204711914e+00 -2.245324403047561646e-01 3.112983703613281250e-02 7.577228546142578125e-01 6.119413971900939941e-01
-5.008127212524414062e+00 -2.044845771789550781e+01 -1.070499897003173828e+00 -2.011189162731170654e-01 3.232403844594955444e-02 7.717083096504211426e-01 6.024720072746276855e-01
-5.007165431976318359e+00 -2.041735839843750000e+01 -1.065050601959228516e+00 -1.762900352478027344e-01 3.377061337232589722e-02 7.855058908462524414e-01 5.922514796257019043e-01
-5.005710124969482422e+00 -2.037862777709960938e+01 -1.059286117553710938e+00 -1.503037810325622559e-01 3.545415401458740234e-02 7.988483905792236328e-01 5.813718438148498535e-01
-5.003748893737792969e+00 -2.033221817016601562e+01 -1.053273320198059082e+00 -1.234296262264251709e-01 3.735987842082977295e-02 8.114972114562988281e-01 5.699489116668701172e-01
-5.001274108886718750e+00 -2.027808189392089844e+01 -1.047076344490051270e+00 -9.594754874706268311e-02 3.947373107075691223e-02 8.232460021972656250e-01 5.581235885620117188e-01
-4.998301982879638672e+00 -2.021616935729980469e+01 -1.040756464004516602e+00 -6.814466416835784912e-02 4.178245738148689270e-02 8.339230418205261230e-01 5.460613369941711426e-01
-4.994795799255371094e+00 -2.014641952514648438e+01 -1.034467101097106934e+00 -4.031286388635635376e-02 4.427459836006164551e-02 8.433929085731506348e-01 5.339503884315490723e-01
-4.990761756896972656e+00 -2.006878280639648438e+01 -1.028317809104919434e+00 -1.274566911160945892e-02 4.693973809480667114e-02 8.515568375587463379e-01 5.220012068748474121e-01
-4.986336708068847656e+00 -1.998319625854492188e+01 -1.022203087806701660e+00 1.426485646516084671e-02 4.976927116513252258e-02 8.583519458770751953e-01 5.104423761367797852e-01
-4.981761455535888672e+00 -1.989580345153808594e+01 -1.016283512115478516e+00 4.043048620223999023e-02 5.275662243366241455e-02 8.637490272521972656e-01 4.995194673538208008e-01
-4.977048397064208984e+00 -1.980480384826660156e+01 -1.010552048683166504e+00 6.547006219625473022e-02 5.589685216546058655e-02 8.677486777305603027e-01 4.894910156726837158e-01
-4.972132682800292969e+00 -1.971014785766601562e+01 -1.005207180976867676e+00 8.910971879959106445e-02 5.918766558170318604e-02 8.703767061233520508e-01 4.806252717971801758e-01
-4.967243671417236328e+00 -1.961178207397460938e+01 -1.000042676925659180e+00 1.110851764678955078e-01 6.262864172458648682e-02 8.716779947280883789e-01 4.731968045234680176e-01
-4.962465763092041016e+00 -1.950966072082519531e+01 -9.950469732284545898e-01 1.311414688825607300e-01 6.622141599655151367e-02 8.717086911201477051e-01 4.674832820892333984e-01
-4.957830905914306641e+00 -1.940373420715332031e+01 -9.902526736259460449e-01 1.490326225757598877e-01 6.996943056583404541e-02 8.705276846885681152e-01 4.637619853019714355e-01
-4.953348159790039062e+00 -1.929394721984863281e+01 -9.857082962989807129e-01 1.645196676254272461e-01 7.387796789407730103e-02 8.681872487068176270e-01 4.623053371906280518e-01
-4.949194431304931641e+00 -1.918024063110351562e+01 -9.812966585159301758e-01 1.773694753646850586e-01 7.795304805040359497e-02 8.647217750549316406e-01 4.633785486221313477e-01
-4.945426940917968750e+00 -1.906255531311035156e+01 -9.770135283470153809e-01 1.873509585857391357e-01 8.220186829566955566e-02 8.601369261741638184e-01 4.672333002090454102e-01
-4.942017555236816406e+00 -1.894082641601562500e+01 -9.730477929115295410e-01 1.940274238586425781e-01 8.611959964036941528e-02 8.544746637344360352e-01 4.741410017013549805e-01
-4.939710617065429688e+00 -1.881500244140625000e+01 -9.708468317985534668e-01 1.943326741456985474e-01 8.412726223468780518e-02 8.483656048774719238e-01 4.852145910263061523e-01
-4.937582969665527344e+00 -1.868518829345703125e+01 -9.685250520706176758e-01 1.923275440931320190e-01 8.335270732641220093e-02 8.411477804183959961e-01 4.985305964946746826e-01
-4.935452938079833984e+00 -1.855143165588378906e+01 -9.661217927932739258e-01 1.882547140121459961e-01 8.382956683635711670e-02 8.328351974487304688e-01 5.137297511100769043e-01
-4.933260440826416016e+00 -1.841378593444824219e+01 -9.636370539665222168e-01 1.823820769786834717e-01 8.557669818401336670e-02 8.234202861785888672e-01 5.304642915725708008e-01
-4.930952072143554688e+00 -1.827229118347167969e+01 -9.610738754272460938e-01 1.749953925609588623e-01 8.859124779701232910e-02 8.128854036331176758e-01 5.484026670455932617e-01
-4.928369045257568359e+00 -1.812700653076171875e+01 -9.584637284278869629e-01 1.663932055234909058e-01 9.284292906522750854e-02 8.012114167213439941e-01 5.672334432601928711e-01
-4.925476074218750000e+00 -1.797798347473144531e+01 -9.558157324790954590e-01 1.568801701068878174e-01 9.827141463756561279e-02 7.883861064910888672e-01 5.866672992706298828e-01
-4.922235012054443359e+00 -1.782528114318847656e+01 -9.531362652778625488e-01 1.467606425285339355e-01 1.047864854335784912e-01 7.744122147560119629e-01 6.064378023147583008e-01
-4.918510437011718750e+00 -1.766896247863769531e+01 -9.504391551017761230e-01 1.363317966461181641e-01 1.122696921229362488e-01 7.593135833740234375e-01 6.263000965118408203e-01
-4.914329528808593750e+00 -1.750909423828125000e+01 -9.477322101593017578e-01 1.258766949176788330e-01 1.205772310495376587e-01 7.431415915489196777e-01 6.460315585136413574e-01
-4.909637451171875000e+00 -1.734575080871582031e+01 -9.450122117996215820e-01 1.156575083732604980e-01 1.295443028211593628e-01 7.259790897369384766e-01 6.654290556907653809e-01
-4.904390811920166016e+00 -1.717900276184082031e+01 -9.422732591629028320e-01 1.059081703424453735e-01 1.389901041984558105e-01 7.079460620880126953e-01 6.843081116676330566e-01
-4.898845195770263672e+00 -1.700898170471191406e+01 -9.401311874389648438e-01 9.502608329057693481e-02 1.469549685716629028e-01 6.895798444747924805e-01 7.027474641799926758e-01
-4.893272399902343750e+00 -1.683588600158691406e+01 -9.394366145133972168e-01 8.022724092006683350e-02 1.507723182439804077e-01 6.717345714569091797e-01 7.208355665206909180e-01
-4.887255668640136719e+00 -1.665972900390625000e+01 -9.388812184333801270e-01 6.556409597396850586e-02 1.543764173984527588e-01 6.538465023040771484e-01 7.378035187721252441e-01
-4.880790710449218750e+00 -1.648060226440429688e+01 -9.383102059364318848e-01 5.127891898155212402e-02 1.577662825584411621e-01 6.361610293388366699e-01 7.535114288330078125e-01
-4.873941421508789062e+00 -1.629857254028320312e+01 -9.377120733261108398e-01 3.761190921068191528e-02 1.609460115432739258e-01 6.189445257186889648e-01 7.678473591804504395e-01
-4.866758823394775391e+00 -1.611370277404785156e+01 -9.368810653686523438e-01 2.479988336563110352e-02 1.639244705438613892e-01 6.024795770645141602e-01 7.807253599166870117e-01
-4.859313964843750000e+00 -1.592605113983154297e+01 -9.358156919479370117e-01 1.307517290115356445e-02 1.667146384716033936e-01 5.870614647865295410e-01 7.920821309089660645e-01
-4.851690769195556641e+00 -1.573564338684082031e+01 -9.342797398567199707e-01 2.612784504890441895e-03 1.693336665630340576e-01 5.729451179504394531e-01 8.019059896469116211e-01
-4.843955993652343750e+00 -1.554245471954345703e+01 -9.322460889816284180e-01 -6.628818809986114502e-03 1.718025058507919312e-01 5.601911544799804688e-01 8.103245496749877930e-01
-4.836164474487304688e+00 -1.534643840789794922e+01 -9.296786189079284668e-01 -1.474738866090774536e-02 1.741401851177215576e-01 5.487964749336242676e-01 8.174840211868286133e-01
-4.828376293182373047e+00 -1.514755916595458984e+01 -9.264568686485290527e-01 -2.184212207794189453e-02 1.763619631528854370e-01 5.387425422668457031e-01 8.235142827033996582e-01
-4.820661544799804688e+00 -1.494577884674072266e+01 -9.224600195884704590e-01 -2.801332250237464905e-02 1.784799396991729736e-01 5.299983024597167969e-01 8.285300135612487793e-01
-4.813027381896972656e+00 -1.474106121063232422e+01 -9.177780151367187500e-01 -3.336199373006820679e-02 1.805037260055541992e-01 5.225214958190917969e-01 8.326324820518493652e-01
-4.805490493774414062e+00 -1.453337860107421875e+01 -9.124413728713989258e-01 -3.798930719494819641e-02 1.824403405189514160e-01 5.162609219551086426e-01 8.359108567237854004e-01
-4.798056602478027344e+00 -1.432269763946533203e+01 -9.065105915069580078e-01 -4.199644923210144043e-02 1.842947304248809814e-01 5.111582279205322266e-01 8.384443521499633789e-01
-4.790748119354248047e+00 -1.410899353027343750e+01 -8.999554514884948730e-01 -4.548440501093864441e-02 1.860697865486145020e-01 5.071492195129394531e-01 8.403028845787048340e-01
-4.783524036407470703e+00 -1.389223957061767578e+01 -8.929604887962341309e-01 -4.855412617325782776e-02 1.877672374248504639e-01 5.041638016700744629e-01 8.415490388870239258e-01
-4.776359558105468750e+00 -1.367241096496582031e+01 -8.856188654899597168e-01 -5.130626633763313293e-02 1.893871426582336426e-01 5.021288990974426270e-01 8.422391414642333984e-01
-4.769277095794677734e+00 -1.344948863983154297e+01 -8.778976202011108398e-01 -5.384127050638198853e-02 1.909285783767700195e-01 5.009678602218627930e-01 8.424242734909057617e-01
-4.762231349945068359e+00 -1.322344779968261719e+01 -8.699340820312500000e-01 -5.625953897833824158e-02 1.923898309469223022e-01 5.006015300750732422e-01 8.421515822410583496e-01
-4.755231857299804688e+00 -1.299427604675292969e+01 -8.617221117019653320e-01 -5.866129323840141296e-02 1.937684118747711182e-01 5.009489059448242188e-01 8.414648175239562988e-01
-4.748276233673095703e+00 -1.276195144653320312e+01 -8.533020019531250000e-01 -6.114659458398818970e-02 1.950613558292388916e-01 5.019271373748779297e-01 8.404054045677185059e-01
-4.741339206695556641e+00 -1.252645683288574219e+01 -8.447186350822448730e-01 -6.381536275148391724e-02 1.962649822235107422e-01 5.034528374671936035e-01 8.390130996704101562e-01
-4.734450340270996094e+00 -1.228777885437011719e+01 -8.359686136245727539e-01 -6.676756590604782104e-02 1.973755061626434326e-01 5.054408907890319824e-01 8.373258113861083984e-01
-4.727556228637695312e+00 -1.204590034484863281e+01 -8.271234035491943359e-01 -7.010300457477569580e-02 1.983888298273086548e-01 5.078057646751403809e-01 8.353806138038635254e-01
-4.720722675323486328e+00 -1.180080413818359375e+01 -8.181478977203369141e-01 -7.392142713069915771e-02 1.993005573749542236e-01 5.104612708091735840e-01 8.332132697105407715e-01
-4.713857173919677734e+00 -1.155247783660888672e+01 -8.091406226158142090e-01 -7.832227647304534912e-02 2.001059651374816895e-01 5.133196115493774414e-01 8.308586478233337402e-01
-4.707089900970458984e+00 -1.130090522766113281e+01 -8.000228404998779297e-01 -8.337651193141937256e-02 2.007967680692672729e-01 5.162922739982604980e-01 8.283545374870300293e-01
-4.700296401977539062e+00 -1.104606628417968750e+01 -7.908755540847778320e-01 -8.904164284467697144e-02 2.013515830039978027e-01 5.192880034446716309e-01 8.257535696029663086e-01
-4.693749904632568359e+00 -1.079443740844726562e+01 -7.818822860717773438e-01 -9.524704515933990479e-02 2.017462849617004395e-01 5.222159624099731445e-01 8.231141567230224609e-01
-4.687437534332275391e+00 -1.054599380493164062e+01 -7.730484008789062500e-01 -1.019221097230911255e-01 2.019571959972381592e-01 5.249865651130676270e-01 8.204963207244873047e-01
-4.681297302246093750e+00 -1.030071544647216797e+01 -7.643926739692687988e-01 -1.089963540434837341e-01 2.019612193107604980e-01 5.275117158889770508e-01 8.179626464843750000e-01
-4.675577163696289062e+00 -1.005857563018798828e+01 -7.557833790779113770e-01 -1.163993552327156067e-01 2.017355412244796753e-01 5.297044515609741211e-01 8.155777454376220703e-01
-4.670102596282958984e+00 -9.819532394409179688e+00 -7.477734088897705078e-01 -1.240611374378204346e-01 2.012583315372467041e-01 5.314796566963195801e-01 8.134084343910217285e-01
-4.664858341217041016e+00 -9.583556175231933594e+00 -7.405154109001159668e-01 -1.319119483232498169e-01 2.005079537630081177e-01 5.327532887458801270e-01 8.115231394767761230e-01
-4.659866809844970703e+00 -9.350598335266113281e+00 -7.346398830413818359e-01 -1.398816853761672974e-01 1.994634717702865601e-01 5.334420800209045410e-01 8.099919557571411133e-01
-4.654981613159179688e+00 -9.120642662048339844e+00 -7.302364706993103027e-01 -1.479015797376632690e-01 1.981038451194763184e-01 5.334640741348266602e-01 8.088856339454650879e-01
-4.650115966796875000e+00 -8.893683433532714844e+00 -7.266134619712829590e-01 -1.559021919965744019e-01 1.964083462953567505e-01 5.327373147010803223e-01 8.082754611968994141e-01
-4.645246505737304688e+00 -8.669677734375000000e+00 -7.247988581657409668e-01 -1.638141870498657227e-01 1.943562328815460205e-01 5.311799049377441406e-01 8.082317709922790527e-01
-4.640313625335693359e+00 -8.448632240295410156e+00 -7.232012748718261719e-01 -1.715682446956634521e-01 1.919264942407608032e-01 5.287085175514221191e-01 8.088237047195434570e-01
-4.635264873504638672e+00 -8.230504989624023438e+00 -7.230737209320068359e-01 -1.790951490402221680e-01 1.890973746776580811e-01 5.252391695976257324e-01 8.101177811622619629e-01
-4.630119323730468750e+00 -8.015284538269042969e+00 -7.230599522590637207e-01 -1.863250285387039185e-01 1.858462393283843994e-01 5.206853151321411133e-01 8.121765255928039551e-01
-4.624587535858154297e+00 -7.792804241180419922e+00 -7.236914038658142090e-01 -1.931873857975006104e-01 1.821493953466415405e-01 5.149576663970947266e-01 8.150576353073120117e-01
-4.618654727935791016e+00 -7.563039779663085938e+00 -7.248104810714721680e-01 -1.996107548475265503e-01 1.779818981885910034e-01 5.079625248908996582e-01 8.188113570213317871e-01
-4.612327575683593750e+00 -7.325970172882080078e+00 -7.259530425071716309e-01 -2.055223584175109863e-01 1.733167171478271484e-01 4.996019303798675537e-01 8.234803080558776855e-01
-4.605493068695068359e+00 -7.081575870513916016e+00 -7.277600169181823730e-01 -2.108478248119354248e-01 1.681252419948577881e-01 4.897722899913787842e-01 8.290960192680358887e-01
-4.598160266876220703e+00 -6.829837322235107422e+00 -7.298113703727722168e-01 -2.155116796493530273e-01 1.623758375644683838e-01 4.783639609813690186e-01 8.356774449348449707e-01
-4.590322017669677734e+00 -6.570757389068603516e+00 -7.318627834320068359e-01 -2.194491624832153320e-01 1.560550332069396973e-01 4.653096497058868408e-01 8.431938290596008301e-01
-4.581904411315917969e+00 -6.304391860961914062e+00 -7.342568635940551758e-01 -2.226522564888000488e-01 1.492273360490798950e-01 4.507389962673187256e-01 8.514643907546997070e-01
-4.572929382324218750e+00 -6.030810832977294922e+00 -7.368813753128051758e-01 -2.251282334327697754e-01 1.419795751571655273e-01 4.348362088203430176e-01 8.602770566940307617e-01
-4.563457965850830078e+00 -5.750084877014160156e+00 -7.394018173217773438e-01 -2.268872112035751343e-01 1.344009637832641602e-01 4.177940785884857178e-01 8.694289326667785645e-01
-4.553515434265136719e+00 -5.462281227111816406e+00 -7.417880296707153320e-01 -2.279436886310577393e-01 1.265841573476791382e-01 3.998147845268249512e-01 8.787299394607543945e-01
-4.543101787567138672e+00 -5.167470455169677734e+00 -7.444320321083068848e-01 -2.283165752887725830e-01 1.186249405145645142e-01 3.811103999614715576e-01 8.880059123039245605e-01
-4.532232761383056641e+00 -4.864987373352050781e+00 -7.455739974975585938e-01 -2.226633578538894653e-01 1.127842813730239868e-01 3.612347245216369629e-01 8.984487056732177734e-01
-4.521202087402343750e+00 -4.563530921936035156e+00 -7.466247677803039551e-01 -2.169508785009384155e-01 1.065099015831947327e-01 3.412518501281738281e-01 9.083694815635681152e-01
-4.510082721710205078e+00 -4.263190269470214844e+00 -7.477297782897949219e-01 -2.115904837846755981e-01 9.983060508966445923e-02 3.214257061481475830e-01 9.175776839256286621e-01
-4.498960971832275391e+00 -3.963999748229980469e+00 -7.490203976631164551e-01 -2.066538631916046143e-01 9.292783588171005249e-02 3.019783496856689453e-01 9.259954690933227539e-01
-4.487883090972900391e+00 -3.665981292724609375e+00 -7.502782940864562988e-01 -2.021924257278442383e-01 8.599207550287246704e-02 2.831354141235351562e-01 9.335726499557495117e-01
-4.476927280426025391e+00 -3.369149208068847656e+00 -7.515005469322204590e-01 -1.982379853725433350e-01 7.921647280454635620e-02 2.651262879371643066e-01 9.402843117713928223e-01
-4.466178894042968750e+00 -3.073506593704223633e+00 -7.527126669883728027e-01 -1.948048770427703857e-01 7.279185950756072998e-02 2.481855303049087524e-01 9.461269974708557129e-01
-4.455778598785400391e+00 -2.779052734375000000e+00 -7.540475130081176758e-01 -1.918924450874328613e-01 6.690173596143722534e-02 2.325530052185058594e-01 9.511154294013977051e-01
-4.445734977722167969e+00 -2.485780000686645508e+00 -7.553463578224182129e-01 -1.894884705543518066e-01 6.171883642673492432e-02 2.184742242097854614e-01 9.552768468856811523e-01
-4.436127662658691406e+00 -2.193677902221679688e+00 -7.566094994544982910e-01 -1.875731647014617920e-01 5.740221962332725525e-02 2.062000483274459839e-01 9.586462974548339844e-01
-4.427032470703125000e+00 -1.902735352516174316e+00 -7.578402757644653320e-01 -1.861237436532974243e-01 5.409549921751022339e-02 1.959865242242813110e-01 9.612600803375244141e-01
-4.418629169464111328e+00 -1.612939357757568359e+00 -7.591277956962585449e-01 -1.851195394992828369e-01 5.192567035555839539e-02 1.880935579538345337e-01 9.631485939025878906e-01
-4.410923957824707031e+00 -1.324287056922912598e+00 -7.604134678840637207e-01 -1.845477521419525146e-01 5.100262165069580078e-02 1.827847361564636230e-01 9.643290042877197266e-01
-4.403956413269042969e+00 -1.036781311035156250e+00 -7.616683840751647949e-01 -1.844093501567840576e-01 5.141872540116310120e-02 1.803256571292877197e-01 9.647963643074035645e-01
-4.397727012634277344e+00 -7.499639987945556641e-01 -7.617294192314147949e-01 -1.798767298460006714e-01 5.411370098590850830e-02 1.806278526782989502e-01 9.654478430747985840e-01
-4.392258167266845703e+00 -4.642549157142639160e-01 -7.616827487945556641e-01 -1.754028797149658203e-01 5.814391374588012695e-02 1.837368756532669067e-01 9.654500484466552734e-01
-4.387576580047607422e+00 -1.796394288539886475e-01 -7.615697979927062988e-01 -1.709987521171569824e-01 6.336364150047302246e-02 1.893744915723800659e-01 9.648221731185913086e-01
-4.383454322814941406e+00 1.038857996463775635e-01 -7.613427639007568359e-01 -1.666731238365173340e-01 6.962556391954421997e-02 1.972590833902359009e-01 9.635668992996215820e-01
-4.379810810089111328e+00 3.863238394260406494e-01 -7.610012888908386230e-01 -1.624332517385482788e-01 7.678131759166717529e-02 2.071061134338378906e-01 9.616792798042297363e-01
-4.376559734344482422e+00 6.676763892173767090e-01 -7.605459690093994141e-01 -1.582866013050079346e-01 8.468186110258102417e-02 2.186297476291656494e-01 9.591534733772277832e-01
-4.373775482177734375e+00 9.479516148567199707e-01 -7.599890232086181641e-01 -1.542417407035827637e-01 9.317705780267715454e-02 2.315434217453002930e-01 9.559890627861022949e-01
-4.371310710906982422e+00 1.227155089378356934e+00 -7.593328952789306641e-01 -1.503091454505920410e-01 1.021172702312469482e-01 2.455614060163497925e-01 9.521968364715576172e-01
-4.368988990783691406e+00 1.505299329757690430e+00 -7.585833668708801270e-01 -1.465024650096893311e-01 1.113530248403549194e-01 2.603997886180877686e-01 9.478024840354919434e-01
-4.366732120513916016e+00 1.782403826713562012e+00 -7.577569484710693359e-01 -1.428384333848953247e-01 1.207358017563819885e-01 2.757778763771057129e-01 9.428502321243286133e-01
-4.364519119262695312e+00 2.058496713638305664e+00 -7.568713426589965820e-01 -1.393372416496276855e-01 1.301190108060836792e-01 2.914198935031890869e-01 9.374052286148071289e-01
-4.362490177154541016e+00 2.336026668548583984e+00 -7.559384107589721680e-01 -1.360228061676025391e-01 1.393583416938781738e-01 3.070555627346038818e-01 9.315546751022338867e-01
-4.360280513763427734e+00 2.615028619766235352e+00 -7.550222873687744141e-01 -1.329223215579986572e-01 1.483127474784851074e-01 3.224219083786010742e-01 9.254075288772583008e-01
-4.357841491699218750e+00 2.895551443099975586e+00 -7.541613578796386719e-01 -1.300666332244873047e-01 1.568444520235061646e-01 3.372639417648315430e-01 9.190949797630310059e-01
-4.355129241943359375e+00 3.177648305892944336e+00 -7.533975243568420410e-01 -1.274900287389755249e-01 1.648190617561340332e-01 3.513349592685699463e-01 9.127675890922546387e-01
-4.352622032165527344e+00 3.461388587951660156e+00 -7.526736259460449219e-01 -1.252290606498718262e-01 1.721064895391464233e-01 3.643959164619445801e-01 9.065939784049987793e-01
-4.349798679351806641e+00 3.746824264526367188e+00 -7.521343827247619629e-01 -1.233225017786026001e-01 1.785799413919448853e-01 3.762151300907135010e-01 9.007568359375000000e-01
-4.346621036529541016e+00 4.034018516540527344e+00 -7.518322467803955078e-01 -1.218110769987106323e-01 1.841152906417846680e-01 3.865689635276794434e-01 8.954485654830932617e-01
-4.343246936798095703e+00 4.323040008544921875e+00 -7.517919540405273438e-01 -1.207357496023178101e-01 1.885909289121627808e-01 3.952355086803436279e-01 8.908677101135253906e-01
-4.339938640594482422e+00 4.613956928253173828e+00 -7.520269751548767090e-01 -1.201385110616683960e-01 1.918852478265762329e-01 4.019969105720520020e-01 8.872121572494506836e-01
-4.336236476898193359e+00 4.906809806823730469e+00 -7.526296973228454590e-01 -1.200447976589202881e-01 1.939192861318588257e-01 4.067081809043884277e-01 8.846316337585449219e-01
-4.332204341888427734e+00 5.201584815979003906e+00 -7.535793781280517578e-01 -1.204166263341903687e-01 1.947824507951736450e-01 4.095192253589630127e-01 8.830932378768920898e-01
-4.328594684600830078e+00 5.498258590698242188e+00 -7.547985911369323730e-01 -1.211987063288688660e-01 1.946020424365997314e-01 4.106467962265014648e-01 8.825021386146545410e-01
-4.324715614318847656e+00 5.796783924102783203e+00 -7.562921047210693359e-01 -1.223335936665534973e-01 1.935025602579116821e-01 4.103008210659027100e-01 8.827482461929321289e-01
-4.320844650268554688e+00 6.087913036346435547e+00 -7.579885721206665039e-01 -1.237619742751121521e-01 1.916061937808990479e-01 4.086861610412597656e-01 8.837112784385681152e-01
-4.317607402801513672e+00 6.371611595153808594e+00 -7.598522901535034180e-01 -1.254239976406097412e-01 1.890338361263275146e-01 4.060052931308746338e-01 8.852652907371520996e-01
-4.314287185668945312e+00 6.647829532623291016e+00 -7.618346810340881348e-01 -1.272596418857574463e-01 1.859059184789657593e-01 4.024598598480224609e-01 8.872824907302856445e-01
-4.311296463012695312e+00 6.916527748107910156e+00 -7.639254331588745117e-01 -1.292091310024261475e-01 1.823432892560958862e-01 3.982520699501037598e-01 8.896354436874389648e-01
-4.308819293975830078e+00 7.177668094635009766e+00 -7.660964727401733398e-01 -1.312125027179718018e-01 1.784677356481552124e-01 3.935858905315399170e-01 8.922009468078613281e-01
-4.306329250335693359e+00 7.431204795837402344e+00 -7.682620286941528320e-01 -1.332111060619354248e-01 1.744019687175750732e-01 3.886675834655761719e-01 8.948609828948974609e-01
-4.304639816284179688e+00 7.677104473114013672e+00 -7.705026268959045410e-01 -1.351470798254013062e-01 1.702703535556793213e-01 3.837059736251831055e-01 8.975037336349487305e-01
-4.303216457366943359e+00 7.915328025817871094e+00 -7.726928591728210449e-01 -1.369635462760925293e-01 1.661984026432037354e-01 3.789139986038208008e-01 9.000239968299865723e-01
-4.302122592926025391e+00 8.145838737487792969e+00 -7.748187184333801270e-01 -1.386042386293411255e-01 1.623130589723587036e-01 3.745064735412597656e-01 9.023237824440002441e-01
-4.301961421966552734e+00 8.368601799011230469e+00 -7.769738435745239258e-01 -1.400142610073089600e-01 1.587421298027038574e-01 3.707005083560943604e-01 9.043108224868774414e-01
-4.301927566528320312e+00 8.583587646484375000e+00 -7.789279222488403320e-01 -1.411391049623489380e-01 1.556143313646316528e-01 3.677151203155517578e-01 9.058970808982849121e-01
-4.302970886230468750e+00 8.790758132934570312e+00 -7.809289097785949707e-01 -1.419249773025512695e-01 1.530582606792449951e-01 3.657698929309844971e-01 9.069966077804565430e-01
-4.304440975189208984e+00 8.990081787109375000e+00 -7.827264070510864258e-01 -1.423172056674957275e-01 1.512025892734527588e-01 3.650842308998107910e-01 9.075225591659545898e-01
-4.306627273559570312e+00 9.181523323059082031e+00 -7.844073176383972168e-01 -1.422614455223083496e-01 1.501750349998474121e-01 3.658753633499145508e-01 9.073832035064697266e-01
-4.309743404388427734e+00 9.365039825439453125e+00 -7.860043048858642578e-01 -1.417011916637420654e-01 1.501013934612274170e-01 3.683571517467498779e-01 9.064785838127136230e-01
-4.313222408294677734e+00 9.540598869323730469e+00 -7.872152328491210938e-01 -1.405781507492065430e-01 1.511053591966629028e-01 3.727377057075500488e-01 9.046942591667175293e-01
-4.318015098571777344e+00 9.708147048950195312e+00 -7.881826758384704590e-01 -1.388478577136993408e-01 1.532695591449737549e-01 3.791548013687133789e-01 9.019264578819274902e-01
-4.322984695434570312e+00 9.867707252502441406e+00 -7.887133359909057617e-01 -1.365294754505157471e-01 1.565230786800384521e-01 3.874889612197875977e-01 8.981717824935913086e-01
-4.328934192657470703e+00 1.001926326751708984e+01 -7.887579202651977539e-01 -1.336570680141448975e-01 1.607556492090225220e-01 3.975512981414794922e-01 8.934463858604431152e-01
-4.335122108459472656e+00 1.016284656524658203e+01 -7.883889675140380859e-01 -1.302648633718490601e-01 1.658549606800079346e-01 4.091502130031585693e-01 8.877608180046081543e-01
-4.341689586639404297e+00 1.029845523834228516e+01 -7.874569296836853027e-01 -1.263867020606994629e-01 1.717078834772109985e-01 4.220914840698242188e-01 8.811252117156982422e-01
-4.348611831665039062e+00 1.042610073089599609e+01 -7.859674096107482910e-01 -1.220576018095016479e-01 1.782007366418838501e-01 4.361792206764221191e-01 8.735525012016296387e-01
-4.355312347412109375e+00 1.054581546783447266e+01 -7.841531038284301758e-01 -1.173137500882148743e-01 1.852197051048278809e-01 4.512180387973785400e-01 8.650626540184020996e-01
-4.362426757812500000e+00 1.065758895874023438e+01 -7.813940048217773438e-01 -1.121941432356834412e-01 1.926512867212295532e-01 4.670149385929107666e-01 8.556839227676391602e-01
-4.369136810302734375e+00 1.076147174835205078e+01 -7.784277200698852539e-01 -1.067387908697128296e-01 2.003835439682006836e-01 4.833796620368957520e-01 8.454568982124328613e-01
-4.375560283660888672e+00 1.085748672485351562e+01 -7.749862670898437500e-01 -1.009907349944114685e-01 2.083064466714859009e-01 5.001263618469238281e-01 8.344356417655944824e-01
-4.381775856018066406e+00 1.094565677642822266e+01 -7.708792090415954590e-01 -9.499508142471313477e-02 2.163123041391372681e-01 5.170755386352539062e-01 8.226894140243530273e-01
-4.387420654296875000e+00 1.102603530883789062e+01 -7.667406797409057617e-01 -8.879935741424560547e-02 2.242966592311859131e-01 5.340549945831298828e-01 8.103030323982238770e-01
-4.392489910125732422e+00 1.109865951538085938e+01 -7.625033259391784668e-01 -8.245354890823364258e-02 2.321591973304748535e-01 5.509017109870910645e-01 7.973774671554565430e-01
-4.397122859954833984e+00 1.116355705261230469e+01 -7.576082944869995117e-01 -7.600933313369750977e-02 2.398036718368530273e-01 5.674623250961303711e-01 7.840301394462585449e-01
-4.401105880737304688e+00 1.122079658508300781e+01 -7.528945803642272949e-01 -6.952021270990371704e-02 2.471387386322021484e-01 5.835945010185241699e-01 7.703939676284790039e-01
-4.404441833496093750e+00 1.127042484283447266e+01 -7.484054565429687500e-01 -6.304110586643218994e-02 2.540784776210784912e-01 5.991671681404113770e-01 7.566167116165161133e-01
-4.407143592834472656e+00 1.131248664855957031e+01 -7.441812157630920410e-01 -5.662798881530761719e-02 2.605420649051666260e-01 6.140608787536621094e-01 7.428596019744873047e-01
-4.409234523773193359e+00 1.134703063964843750e+01 -7.401666045188903809e-01 -5.033724009990692139e-02 2.664540112018585205e-01 6.281680464744567871e-01 7.292964458465576172e-01
-4.410751819610595703e+00 1.137409687042236328e+01 -7.361605763435363770e-01 -4.422567039728164673e-02 2.717440724372863770e-01 6.413922905921936035e-01 7.161110639572143555e-01
-4.411713600158691406e+00 1.139374446868896484e+01 -7.326352000236511230e-01 -3.834995627403259277e-02 2.763465046882629395e-01 6.536480188369750977e-01 7.034957408905029297e-01
-4.413084506988525391e+00 1.140485000610351562e+01 -7.319561839103698730e-01 -4.042260348796844482e-02 2.728343009948730469e-01 6.679426431655883789e-01 6.912163496017456055e-01
-4.413848876953125000e+00 1.140870189666748047e+01 -7.315188646316528320e-01 -4.169667512178421021e-02 2.692325711250305176e-01 6.808841824531555176e-01 6.798322796821594238e-01
-4.414049148559570312e+00 1.140530967712402344e+01 -7.313281297683715820e-01 -4.229595512151718140e-02 2.656405568122863770e-01 6.925227642059326172e-01 6.693715453147888184e-01
-4.414187908172607422e+00 1.140381908416748047e+01 -7.310906648635864258e-01 -4.234158992767333984e-02 2.621392607688903809e-01 7.029120326042175293e-01 6.598520874977111816e-01
-4.414302825927734375e+00 1.140422439575195312e+01 -7.308099269866943359e-01 -4.194959998130798340e-02 2.587940692901611328e-01 7.121067643165588379e-01 6.512832045555114746e-01
-4.414426326751708984e+00 1.140652275085449219e+01 -7.304885983467102051e-01 -4.122903198003768921e-02 2.556577920913696289e-01 7.201608419418334961e-01 6.436673402786254883e-01
-4.414582252502441406e+00 1.141070556640625000e+01 -7.301300168037414551e-01 -4.028037190437316895e-02 2.527725994586944580e-01 7.271265387535095215e-01 6.370011568069458008e-01
-4.414795875549316406e+00 1.141676330566406250e+01 -7.297350764274597168e-01 -3.919510543346405029e-02 2.501723170280456543e-01 7.330524325370788574e-01 6.312778592109680176e-01
-4.415087699890136719e+00 1.142468929290771484e+01 -7.293056845664978027e-01 -3.805525600910186768e-02 2.478841245174407959e-01 7.379832863807678223e-01 6.264868378639221191e-01
-4.415471076965332031e+00 1.143447208404541016e+01 -7.288433909416198730e-01 -3.693317621946334839e-02 2.459301948547363281e-01 7.419595718383789062e-01 6.226156353950500488e-01
-4.415957927703857422e+00 1.144610595703125000e+01 -7.283480763435363770e-01 -3.589187562465667725e-02 2.443287074565887451e-01 7.450162768363952637e-01 6.196499466896057129e-01
-4.416560173034667969e+00 1.145957946777343750e+01 -7.278216481208801270e-01 -3.498466312885284424e-02 2.430949509143829346e-01 7.471828460693359375e-01 6.175747513771057129e-01
-4.417280197143554688e+00 1.147488880157470703e+01 -7.272634506225585938e-01 -3.425578027963638306e-02 2.422419190406799316e-01 7.484838962554931641e-01 6.163742542266845703e-01
-4.418122291564941406e+00 1.149202728271484375e+01 -7.266747951507568359e-01 -3.374037891626358032e-02 2.417811155319213867e-01 7.489373683929443359e-01 6.160326600074768066e-01
-4.419089317321777344e+00 1.151099109649658203e+01 -7.260555624961853027e-01 -3.346441686153411865e-02 2.417225539684295654e-01 7.485555410385131836e-01 6.165345907211303711e-01
-4.420177936553955078e+00 1.153177738189697266e+01 -7.254067659378051758e-01 -3.344524651765823364e-02 2.420753687620162964e-01 7.473445534706115723e-01 6.178648471832275391e-01
-4.421386718750000000e+00 1.155438232421875000e+01 -7.247284054756164551e-01 -3.369081765413284302e-02 2.428475916385650635e-01 7.453045845031738281e-01 6.200089454650878906e-01
-4.422699928283691406e+00 1.157880687713623047e+01 -7.239724397659301758e-01 -3.420042246580123901e-02 2.440462261438369751e-01 7.424292564392089844e-01 6.229529976844787598e-01
-4.424079418182373047e+00 1.160504341125488281e+01 -7.228753566741943359e-01 -3.496354073286056519e-02 2.456769347190856934e-01 7.387060523033142090e-01 6.266846060752868652e-01
-4.425549030303955078e+00 1.163310146331787109e+01 -7.217282056808471680e-01 -3.596026450395584106e-02 2.477439641952514648e-01 7.341159582138061523e-01 6.311920881271362305e-01
-4.427839279174804688e+00 1.166178607940673828e+01 -7.230862379074096680e-01 -4.457606375217437744e-02 2.417200654745101929e-01 7.315064668655395508e-01 6.359896063804626465e-01
-4.430218219757080078e+00 1.169216728210449219e+01 -7.246420383453369141e-01 -5.414541065692901611e-02 2.353911995887756348e-01 7.282159328460693359e-01 6.413741111755371094e-01
-4.432658672332763672e+00 1.172425365447998047e+01 -7.263690233230590820e-01 -6.454367935657501221e-02 2.288274765014648438e-01 7.241943478584289551e-01 6.473134160041809082e-01
-4.435130596160888672e+00 1.175804805755615234e+01 -7.282397150993347168e-01 -7.564586400985717773e-02 2.221000045537948608e-01 7.193927168846130371e-01 6.537762284278869629e-01
-4.437601089477539062e+00 1.179355239868164062e+01 -7.302255034446716309e-01 -8.732606470584869385e-02 2.152808606624603271e-01 7.137656211853027344e-01 6.607321500778198242e-01
-4.440018177032470703e+00 1.183013057708740234e+01 -7.323266267776489258e-01 -9.945799410343170166e-02 2.084435522556304932e-01 7.072703838348388672e-01 6.681525707244873047e-01
-4.442352294921875000e+00 1.186778545379638672e+01 -7.345126271247863770e-01 -1.119145601987838745e-01 2.016625106334686279e-01 6.998688578605651855e-01 6.760110855102539062e-01
-4.444530963897705078e+00 1.190650272369384766e+01 -7.363903522491455078e-01 -1.245687603950500488e-01 1.950132399797439575e-01 6.915266513824462891e-01 6.842831373214721680e-01
-4.446579456329345703e+00 1.194630146026611328e+01 -7.382348179817199707e-01 -1.372933834791183472e-01 1.885724216699600220e-01 6.822136640548706055e-01 6.929470300674438477e-01
-4.448481559753417969e+00 1.198718452453613281e+01 -7.400552034378051758e-01 -1.499617397785186768e-01 1.824174374341964722e-01 6.719042658805847168e-01 7.019828557968139648e-01
-4.450224399566650391e+00 1.202915954589843750e+01 -7.418166995048522949e-01 -1.624473929405212402e-01 1.766261458396911621e-01 6.605769991874694824e-01 7.113733887672424316e-01
-4.451794147491455078e+00 1.207222652435302734e+01 -7.434856891632080078e-01 -1.746246665716171265e-01 1.712768077850341797e-01 6.482138037681579590e-01 7.211028933525085449e-01
-4.453177452087402344e+00 1.211638641357421875e+01 -7.450265288352966309e-01 -1.863692551851272583e-01 1.664471477270126343e-01 6.348000764846801758e-01 7.311571240425109863e-01
-4.454363822937011719e+00 1.216164493560791016e+01 -7.464062571525573730e-01 -1.975569725036621094e-01 1.622152477502822876e-01 6.203233003616333008e-01 7.415231466293334961e-01
-4.455314636230468750e+00 1.220799160003662109e+01 -7.474023103713989258e-01 -2.080659866333007812e-01 1.586573719978332520e-01 6.047732830047607422e-01 7.521873116493225098e-01
-4.456022739410400391e+00 1.225543212890625000e+01 -7.480053305625915527e-01 -2.177750319242477417e-01 1.558493673801422119e-01 5.881399512290954590e-01 7.631358504295349121e-01
-4.456238746643066406e+00 1.229816341400146484e+01 -7.487276792526245117e-01 -2.265642583370208740e-01 1.538647711277008057e-01 5.704135298728942871e-01 7.743531465530395508e-01
-4.455950736999511719e+00 1.233619022369384766e+01 -7.495394945144653320e-01 -2.343153059482574463e-01 1.527752131223678589e-01 5.515823364257812500e-01 7.858199477195739746e-01
-4.455145359039306641e+00 1.236950778961181641e+01 -7.504113316535949707e-01 -2.409110367298126221e-01 1.526493132114410400e-01 5.316323637962341309e-01 7.975131273269653320e-01
-4.453805923461914062e+00 1.239811134338378906e+01 -7.513152956962585449e-01 -2.462354004383087158e-01 1.535521447658538818e-01 5.105457305908203125e-01 8.094027638435363770e-01
-4.451916217803955078e+00 1.242198657989501953e+01 -7.522332668304443359e-01 -2.502024769783020020e-01 1.555154919624328613e-01 4.883251190185546875e-01 8.214330077171325684e-01
-4.449465274810791016e+00 1.244108009338378906e+01 -7.531768679618835449e-01 -2.528445422649383545e-01 1.584501564502716064e-01 4.650711417198181152e-01 8.334698081016540527e-01
-4.446448802947998047e+00 1.245531845092773438e+01 -7.541659474372863770e-01 -2.542250752449035645e-01 1.622376143932342529e-01 4.409144222736358643e-01 8.453656435012817383e-01
-4.442861080169677734e+00 1.246469306945800781e+01 -7.551412582397460938e-01 -2.540871798992156982e-01 1.669166684150695801e-01 4.159305095672607422e-01 8.570765256881713867e-01
-4.439240455627441406e+00 1.248397159576416016e+01 -7.542852759361267090e-01 -2.486787438392639160e-01 1.740510463714599609e-01 3.895012438297271729e-01 8.695710897445678711e-01
-4.435694694519042969e+00 1.251224327087402344e+01 -7.528118491172790527e-01 -2.430855035781860352e-01 1.810125261545181274e-01 3.627441227436065674e-01 8.812267184257507324e-01
-4.432254314422607422e+00 1.254945278167724609e+01 -7.506524324417114258e-01 -2.373532801866531372e-01 1.878040730953216553e-01 3.358263075351715088e-01 8.919717073440551758e-01
-4.428958415985107422e+00 1.259555625915527344e+01 -7.477099299430847168e-01 -2.315245866775512695e-01 1.944262683391571045e-01 3.089203238487243652e-01 9.017554521560668945e-01
-4.425886154174804688e+00 1.265053081512451172e+01 -7.440935969352722168e-01 -2.256396710872650146e-01 2.008752077817916870e-01 2.822046279907226562e-01 9.105472564697265625e-01
-4.423104286193847656e+00 1.271435356140136719e+01 -7.398028373718261719e-01 -2.197380810976028442e-01 2.071415334939956665e-01 2.558624148368835449e-01 9.183365106582641602e-01
-4.420678615570068359e+00 1.278701591491699219e+01 -7.348373532295227051e-01 -2.138596177101135254e-01 2.132098078727722168e-01 2.300797998905181885e-01 9.251318573951721191e-01
-4.418660640716552734e+00 1.286851119995117188e+01 -7.291384935379028320e-01 -2.080457359552383423e-01 2.190578877925872803e-01 2.050444036722183228e-01 9.309604763984680176e-01
-4.416926383972167969e+00 1.295552444458007812e+01 -7.227889895439147949e-01 -2.023408412933349609e-01 2.246572822332382202e-01 1.809443831443786621e-01 9.358666539192199707e-01
-4.415603160858154297e+00 1.304807853698730469e+01 -7.159857153892517090e-01 -1.967934668064117432e-01 2.299731075763702393e-01 1.579675078392028809e-01 9.399101138114929199e-01
-4.414758205413818359e+00 1.314619731903076172e+01 -7.087298631668090820e-01 -1.914566755294799805e-01 2.349647879600524902e-01 1.363001167774200439e-01 9.431639313697814941e-01
-4.414371013641357422e+00 1.324990653991699219e+01 -7.009274363517761230e-01 -1.863888800144195557e-01 2.395863085985183716e-01 1.161264330148696899e-01 9.457125067710876465e-01
-4.414584636688232422e+00 1.335924148559570312e+01 -6.926702857017517090e-01 -1.816534399986267090e-01 2.437868267297744751e-01 9.762783348560333252e-02 9.476490616798400879e-01
-4.415428161621093750e+00 1.347424411773681641e+01 -6.840267777442932129e-01 -1.773182600736618042e-01 2.475111484527587891e-01 8.098252117633819580e-02 9.490723609924316406e-01
-4.416931152343750000e+00 1.359495353698730469e+01 -6.750512719154357910e-01 -1.734548062086105347e-01 2.506994605064392090e-01 6.636509299278259277e-02 9.500836133956909180e-01
-4.419187068939208984e+00 1.372140693664550781e+01 -6.657195687294006348e-01 -1.701366603374481201e-01 2.532877326011657715e-01 5.394659563899040222e-02 9.507831335067749023e-01
-4.421853065490722656e+00 1.385388851165771484e+01 -6.559268236160278320e-01 -1.649659723043441772e-01 2.551975846290588379e-01 4.315916076302528381e-02 9.517340660095214844e-01
-4.425288200378417969e+00 1.399219226837158203e+01 -6.459634304046630859e-01 -1.603518575429916382e-01 2.566429972648620605e-01 3.462424129247665405e-02 9.524824619293212891e-01
-4.429413795471191406e+00 1.413639354705810547e+01 -6.364608407020568848e-01 -1.562704294919967651e-01 2.575984597206115723e-01 2.819583192467689514e-02 9.531146883964538574e-01
-4.434050083160400391e+00 1.428652191162109375e+01 -6.274539232254028320e-01 -1.527019739151000977e-01 2.579497396945953369e-01 2.371160127222537994e-02 9.537199735641479492e-01
-4.439147949218750000e+00 1.444259834289550781e+01 -6.189596652984619141e-01 -1.496070027351379395e-01 2.578763365745544434e-01 2.106003649532794952e-02 9.542924165725708008e-01
-4.444294452667236328e+00 1.460468101501464844e+01 -6.118310689926147461e-01 -1.469492167234420776e-01 2.574430406093597412e-01 2.011003345251083374e-02 9.548426866531372070e-01
-4.449236869812011719e+00 1.477276420593261719e+01 -6.061660647392272949e-01 -1.446914672851562500e-01 2.567123770713806152e-01 2.073006331920623779e-02 9.553707838058471680e-01
-4.453761100769042969e+00 1.494684505462646484e+01 -6.020895242691040039e-01 -1.427944004535675049e-01 2.557441294193267822e-01 2.278846874833106995e-02 9.558688998222351074e-01
-4.457553386688232422e+00 1.512690639495849609e+01 -5.998681783676147461e-01 -1.412182897329330444e-01 2.545970082283020020e-01 2.615326270461082458e-02 9.563230276107788086e-01
-4.460328102111816406e+00 1.531292724609375000e+01 -5.996505618095397949e-01 -1.399225145578384399e-01 2.533280849456787109e-01 3.069243766367435455e-02 9.567154645919799805e-01
-4.461885929107666016e+00 1.550487422943115234e+01 -6.014462113380432129e-01 -1.388660520315170288e-01 2.519944906234741211e-01 3.627416864037513733e-02 9.570261836051940918e-01
-4.461840629577636719e+00 1.570270729064941406e+01 -6.054168343544006348e-01 -1.380079835653305054e-01 2.506527900695800781e-01 4.276578500866889954e-02 9.572346210479736328e-01
-4.460344314575195312e+00 1.590639781951904297e+01 -6.111102104187011719e-01 -1.373077332973480225e-01 2.493599653244018555e-01 5.003505945205688477e-02 9.573205709457397461e-01
-4.457813739776611328e+00 1.611594772338867188e+01 -6.181603670120239258e-01 -1.367247104644775391e-01 2.481732815504074097e-01 5.794932693243026733e-02 9.572660326957702637e-01
-4.454468727111816406e+00 1.633135986328125000e+01 -6.263949275016784668e-01 -1.362186521291732788e-01 2.471511512994766235e-01 6.637590378522872925e-02 9.570553302764892578e-01
-4.450487136840820312e+00 1.655263328552246094e+01 -6.356933712959289551e-01 -1.357501149177551270e-01 2.463524639606475830e-01 7.518215477466583252e-02 9.566765427589416504e-01
-4.446063041687011719e+00 1.677978706359863281e+01 -6.459566950798034668e-01 -1.352803111076354980e-01 2.458372414112091064e-01 8.423549681901931763e-02 9.561212062835693359e-01
-4.441472053527832031e+00 1.701282882690429688e+01 -6.571047902107238770e-01 -1.347708702087402344e-01 2.456664592027664185e-01 9.340356290340423584e-02 9.553850293159484863e-01
-4.437138557434082031e+00 1.725179100036621094e+01 -6.689739823341369629e-01 -1.341844201087951660e-01 2.459022253751754761e-01 1.025543361902236938e-01 9.544680118560791016e-01
-4.433714389801025391e+00 1.749670410156250000e+01 -6.813870072364807129e-01 -1.334843486547470093e-01 2.466073185205459595e-01 1.115561723709106445e-01 9.533739686012268066e-01
-4.432812213897705078e+00 1.774763298034667969e+01 -6.940679550170898438e-01 -1.325080543756484985e-01 2.457063049077987671e-01 1.201025918126106262e-01 9.527042508125305176e-01
-4.437172889709472656e+00 1.800458717346191406e+01 -7.058459520339965820e-01 -1.313403099775314331e-01 2.449043691158294678e-01 1.282920539379119873e-01 9.520045518875122070e-01
-4.451872348785400391e+00 1.826741409301757812e+01 -7.112258672714233398e-01 -1.300110965967178345e-01 2.442063689231872559e-01 1.360620856285095215e-01 9.512872099876403809e-01
-4.475983619689941406e+00 1.853618812561035156e+01 -7.016623020172119141e-01 -1.285552829504013062e-01 2.436146885156631470e-01 1.433468014001846313e-01 9.505668282508850098e-01
-4.499440670013427734e+00 1.881091690063476562e+01 -6.780413389205932617e-01 -1.270135343074798584e-01 2.431288063526153564e-01 1.500770896673202515e-01 9.498593211174011230e-01
-4.516623497009277344e+00 1.909193611145019531e+01 -6.458828449249267578e-01 -1.254315078258514404e-01 2.427455186843872070e-01 1.561803966760635376e-01 9.491834044456481934e-01
-4.518607139587402344e+00 1.937801170349121094e+01 -5.995587110519409180e-01 -1.238588616251945496e-01 2.424589991569519043e-01 1.615811437368392944e-01 9.485589265823364258e-01
-4.412112712860107422e+00 1.941501998901367188e+01 -5.065829157829284668e-01 -1.223485618829727173e-01 2.422614395618438721e-01 1.662006527185440063e-01 9.480071067810058594e-01
-4.306164264678955078e+00 1.913916015625000000e+01 -4.671893119812011719e-01 -1.209563761949539185e-01 2.421429008245468140e-01 1.699582487344741821e-01 9.475497603416442871e-01
-4.209250450134277344e+00 1.885716438293457031e+01 -4.377478063106536865e-01 -1.197382658720016479e-01 2.420930564403533936e-01 1.727714687585830688e-01 9.472084045410156250e-01
-4.113387584686279297e+00 1.857775688171386719e+01 -4.110339283943176270e-01 -1.187511608004570007e-01 2.421017587184906006e-01 1.745577454566955566e-01 9.470028877258300781e-01
-4.013309001922607422e+00 1.830316543579101562e+01 -3.834030032157897949e-01 -1.180486083030700684e-01 2.421601861715316772e-01 1.752347648143768311e-01 9.469507932662963867e-01
-3.913352012634277344e+00 1.803167533874511719e+01 -3.567721545696258545e-01 -1.176812350749969482e-01 2.422626018524169922e-01 1.747227162122726440e-01 9.470648765563964844e-01
-3.822268009185791016e+00 1.775990295410156250e+01 -3.350936770439147949e-01 -1.176926121115684509e-01 2.424077391624450684e-01 1.729454994201660156e-01 9.473524689674377441e-01
-3.746248722076416016e+00 1.748626899719238281e+01 -3.208859264850616455e-01 -1.181175559759140015e-01 2.426001727581024170e-01 1.698326319456100464e-01 9.478134512901306152e-01
-3.686733245849609375e+00 1.721141624450683594e+01 -3.144534230232238770e-01 -1.189796775579452515e-01 2.428519129753112793e-01 1.653216481208801270e-01 9.484384655952453613e-01
-3.639278411865234375e+00 1.693725967407226562e+01 -3.132989406585693359e-01 -1.202877163887023926e-01 2.431824505329132080e-01 1.593598127365112305e-01 9.492089152336120605e-01
-3.599805831909179688e+00 1.666493415832519531e+01 -3.151009976863861084e-01 -1.220324113965034485e-01 2.436202019453048706e-01 1.519063115119934082e-01 9.500957131385803223e-01
-3.565325736999511719e+00 1.639503097534179688e+01 -3.182693421840667725e-01 -1.241838037967681885e-01 2.442012876272201538e-01 1.429338902235031128e-01 9.510594010353088379e-01
-3.534495830535888672e+00 1.612775039672851562e+01 -3.219250440597534180e-01 -1.266878545284271240e-01 2.449685037136077881e-01 1.324300318956375122e-01 9.520519971847534180e-01
-3.505922794342041016e+00 1.586330127716064453e+01 -3.255380094051361084e-01 -1.288191676139831543e-01 2.366289645433425903e-01 1.196531578898429871e-01 9.555603265762329102e-01
-3.479184389114379883e+00 1.560165596008300781e+01 -3.279986381530761719e-01 -1.312810629606246948e-01 2.269498109817504883e-01 1.052196472883224487e-01 9.592643380165100098e-01
-3.454188108444213867e+00 1.534280681610107422e+01 -3.289483487606048584e-01 -1.340188980102539062e-01 2.160568386316299438e-01 8.930790424346923828e-02 9.630069732666015625e-01
-3.433445930480957031e+00 1.508656787872314453e+01 -3.291628956794738770e-01 -1.369790285825729370e-01 2.040799409151077271e-01 7.210038602352142334e-02 9.666383266448974609e-01
-3.419430971145629883e+00 1.483287525177001953e+01 -3.294509947299957275e-01 -1.401081383228302002e-01 1.911540180444717407e-01 5.378380417823791504e-02 9.700191020965576172e-01
-3.414439678192138672e+00 1.458187103271484375e+01 -3.306155204772949219e-01 -1.433553546667098999e-01 1.774193644523620605e-01 3.454945236444473267e-02 9.730251431465148926e-01
-3.421120643615722656e+00 1.433399486541748047e+01 -3.335369825363159180e-01 -1.466712504625320435e-01 1.630224883556365967e-01 1.459257025271654129e-02 9.755502939224243164e-01
-3.440932512283325195e+00 1.408998966217041016e+01 -3.389038145542144775e-01 -1.500095725059509277e-01 1.481153368949890137e-01 -5.888313055038452148e-03 9.775093197822570801e-01
-3.473687648773193359e+00 1.385062694549560547e+01 -3.469940125942230225e-01 -1.533264517784118652e-01 1.328553557395935059e-01 -2.669235691428184509e-02 9.788399934768676758e-01
-3.518500804901123047e+00 1.361648273468017578e+01 -3.577639758586883545e-01 -1.565824896097183228e-01 1.174044460058212280e-01 -4.761711135506629944e-02 9.795053601264953613e-01
-3.572401046752929688e+00 1.338748264312744141e+01 -3.704891800880432129e-01 -1.597420424222946167e-01 1.019285917282104492e-01 -6.846060603857040405e-02 9.794927835464477539e-01
